[[0. 0. 1. 1. 0. 0. 0. 0. 1. 0. 0. 0. 0. 0. 1.]
 [0. 0. 1. 1. 0. 0. 0. 0. 1. 0. 0. 0. 0. 0. 1.]
 [0. 0. 1. 1. 0. 0. 0. 0. 1. 0. 0. 0. 0. 0. 1.]
 [0. 0. 1. 1. 0. 0. 0. 0. 1. 0. 0. 0. 0. 0. 1.]
 [0. 0. 1. 1. 0. 0. 0. 0. 1. 0. 0. 0. 0. 0. 1.]]
比大小: 5 5
進來惹
comb:  0 1
進來惹
comb:  1 2
進來惹
comb:  2 3
進來惹
comb:  3 4
進來惹
comb:  4 0
offsprings in crossover2pts:  [[0. 0. 1. 1. 0. 0. 0. 0. 1. 0. 0. 0. 0. 0. 1.]
 [0. 0. 1. 1. 0. 0. 0. 0. 1. 0. 0. 0. 0. 0. 1.]
 [0. 0. 1. 1. 0. 0. 0. 0. 1. 0. 0. 0. 0. 0. 1.]
 [0. 0. 1. 1. 0. 0. 0. 0. 1. 0. 0. 0. 0. 0. 1.]
 [0. 0. 1. 1. 0. 0. 0. 0. 1. 0. 0. 0. 0. 0. 1.]]
(5, 15) init mutants: [[0. 0. 1. 1. 0. 0. 0. 0. 1. 0. 0. 0. 0. 0. 1.]
 [0. 0. 1. 1. 0. 0. 0. 0. 1. 0. 0. 0. 0. 0. 1.]
 [0. 0. 1. 1. 0. 0. 0. 0. 1. 0. 0. 0. 0. 0. 1.]
 [0. 0. 1. 1. 0. 0. 0. 0. 1. 0. 0. 0. 0. 0. 1.]
 [0. 0. 1. 1. 0. 0. 0. 0. 1. 0. 0. 0. 0. 0. 1.]] (5, 15)
[10, 12]
LHS: [0. 0. 1. 1. 0. 0. 0. 0. 1. 0. 0. 0. 0. 0. 1.]
RHS: [0. 0. 1. 1. 0. 0. 0. 0. 1. 0. 0. 0. 0. 0. 1.]
[1, 13]
LHS: [0. 0. 1. 1. 0. 0. 0. 0. 1. 0. 0. 0. 0. 0. 1.]
RHS: [0. 0. 1. 1. 0. 0. 0. 0. 1. 0. 0. 0. 0. 0. 1.]
[1, 2]
LHS: [0. 0. 1. 1. 0. 0. 0. 0. 1. 0. 0. 0. 0. 0. 1.]
RHS: [0. 0. 1. 1. 0. 0. 0. 0. 1. 0. 0. 0. 0. 0. 1.]
[3, 5]
LHS: [0. 0. 1. 1. 0. 0. 0. 0. 1. 0. 0. 0. 0. 0. 1.]
RHS: [0. 0. 1. 1. 0. 0. 0. 0. 1. 0. 0. 0. 0. 0. 1.]
[1, 14]
LHS: [0. 0. 1. 1. 0. 0. 0. 0. 1. 0. 0. 0. 0. 0. 1.]
RHS: [0. 0. 1. 1. 0. 0. 0. 0. 1. 0. 0. 0. 0. 0. 1.]
offsprings:  [[0. 0. 1. 1. 0. 0. 0. 0. 1. 0. 0. 0. 0. 0. 1.]
 [0. 0. 1. 1. 0. 0. 0. 0. 1. 0. 0. 0. 0. 0. 1.]
 [0. 0. 1. 1. 0. 0. 0. 0. 1. 0. 0. 0. 0. 0. 1.]
 [0. 0. 1. 1. 0. 0. 0. 0. 1. 0. 0. 0. 0. 0. 1.]
 [0. 0. 1. 1. 0. 0. 0. 0. 1. 0. 0. 0. 0. 0. 1.]]
mutants:  [[0. 0. 1. 1. 0. 0. 0. 0. 1. 0. 1. 0. 1. 0. 1.]
 [0. 1. 1. 1. 0. 0. 0. 0. 1. 0. 0. 0. 0. 1. 1.]
 [0. 1. 0. 1. 0. 0. 0. 0. 1. 0. 0. 0. 0. 0. 1.]
 [0. 0. 1. 0. 0. 1. 0. 0. 1. 0. 0. 0. 0. 0. 1.]
 [0. 1. 1. 1. 0. 0. 0. 0. 1. 0. 0. 0. 0. 0. 0.]]
0 -times ||
[  0 274   0   0   0   0   0   0   0   0]
[[1 1 1 0 0 0 1 0 0 1 1 1 1 1 0]
 [0 0 1 1 0 0 0 0 1 0 0 0 0 0 1]
 [1 1 0 1 0 0 1 0 0 0 1 1 0 1 0]
 [1 1 1 1 0 0 1 0 0 1 1 1 1 0 1]
 [1 1 1 0 0 0 0 0 0 0 1 1 1 1 1]
 [1 0 0 1 0 1 1 1 0 1 1 1 1 0 0]
 [0 1 1 0 1 1 1 1 0 0 1 1 0 0 0]
 [0 0 1 0 0 1 1 1 1 1 1 1 1 0 1]
 [0 0 1 1 0 1 1 1 0 1 0 1 1 1 1]
 [1 0 1 0 1 0 1 0 0 1 1 0 0 1 1]]
[[0. 1. 1. 1. 0. 0. 0. 0. 1. 0. 0. 0. 0. 1. 1.]
 [0. 0. 1. 1. 0. 0. 0. 0. 1. 0. 1. 0. 1. 0. 1.]
 [0. 1. 0. 1. 0. 0. 0. 0. 1. 0. 0. 0. 0. 0. 1.]
 [0. 0. 1. 1. 0. 0. 0. 0. 1. 0. 1. 0. 1. 0. 1.]
 [0. 1. 0. 1. 0. 0. 0. 0. 1. 0. 0. 0. 0. 0. 1.]]
比大小: 5 5
進來惹
comb:  0 1
進來惹
comb:  1 2
進來惹
comb:  2 3
進來惹
comb:  3 4
進來惹
comb:  4 0
offsprings in crossover2pts:  [[0. 0. 1. 1. 0. 0. 0. 0. 1. 0. 0. 0. 0. 1. 1.]
 [0. 1. 0. 1. 0. 0. 0. 0. 1. 0. 1. 0. 1. 0. 1.]
 [0. 0. 1. 1. 0. 0. 0. 0. 1. 0. 0. 0. 0. 0. 1.]
 [0. 1. 0. 1. 0. 0. 0. 0. 1. 0. 1. 0. 1. 0. 1.]
 [0. 1. 1. 1. 0. 0. 0. 0. 1. 0. 0. 0. 0. 0. 1.]]
(5, 15) init mutants: [[0. 0. 1. 1. 0. 0. 0. 0. 1. 0. 0. 0. 0. 0. 1.]
 [0. 0. 1. 1. 0. 0. 0. 0. 1. 0. 0. 0. 0. 0. 1.]
 [0. 0. 1. 1. 0. 0. 0. 0. 1. 0. 0. 0. 0. 0. 1.]
 [0. 0. 1. 1. 0. 0. 0. 0. 1. 0. 0. 0. 0. 0. 1.]
 [0. 0. 1. 1. 0. 0. 0. 0. 1. 0. 0. 0. 0. 0. 1.]] (5, 15)
[5, 11]
LHS: [0. 0. 1. 1. 0. 0. 0. 0. 1. 0. 0. 0. 0. 1. 1.]
RHS: [0. 0. 1. 1. 0. 0. 0. 0. 1. 0. 0. 0. 0. 1. 1.]
[9, 12]
LHS: [0. 1. 0. 1. 0. 0. 0. 0. 1. 0. 1. 0. 1. 0. 1.]
RHS: [0. 1. 0. 1. 0. 0. 0. 0. 1. 0. 1. 0. 1. 0. 1.]
[2, 4]
LHS: [0. 0. 1. 1. 0. 0. 0. 0. 1. 0. 0. 0. 0. 0. 1.]
RHS: [0. 0. 1. 1. 0. 0. 0. 0. 1. 0. 0. 0. 0. 0. 1.]
[7, 11]
LHS: [0. 1. 0. 1. 0. 0. 0. 0. 1. 0. 1. 0. 1. 0. 1.]
RHS: [0. 1. 0. 1. 0. 0. 0. 0. 1. 0. 1. 0. 1. 0. 1.]
[2, 6]
LHS: [0. 1. 1. 1. 0. 0. 0. 0. 1. 0. 0. 0. 0. 0. 1.]
RHS: [0. 1. 1. 1. 0. 0. 0. 0. 1. 0. 0. 0. 0. 0. 1.]
offsprings:  [[0. 0. 1. 1. 0. 0. 0. 0. 1. 0. 0. 0. 0. 1. 1.]
 [0. 1. 0. 1. 0. 0. 0. 0. 1. 0. 1. 0. 1. 0. 1.]
 [0. 0. 1. 1. 0. 0. 0. 0. 1. 0. 0. 0. 0. 0. 1.]
 [0. 1. 0. 1. 0. 0. 0. 0. 1. 0. 1. 0. 1. 0. 1.]
 [0. 1. 1. 1. 0. 0. 0. 0. 1. 0. 0. 0. 0. 0. 1.]]
mutants:  [[0. 0. 1. 1. 0. 1. 0. 0. 1. 0. 0. 1. 0. 1. 1.]
 [0. 1. 0. 1. 0. 0. 0. 0. 1. 1. 1. 0. 0. 0. 1.]
 [0. 0. 0. 1. 1. 0. 0. 0. 1. 0. 0. 0. 0. 0. 1.]
 [0. 1. 0. 1. 0. 0. 0. 1. 1. 0. 1. 1. 1. 0. 1.]
 [0. 1. 0. 1. 0. 0. 1. 0. 1. 0. 0. 0. 0. 0. 1.]]
1 -times ||
[274 274 274 274 274 688 294 269 329   0]
[[0 0 1 1 0 0 0 0 1 0 0 0 0 0 1]
 [0 0 1 1 0 0 0 0 1 0 0 0 0 0 1]
 [0 0 1 1 0 0 0 0 1 0 0 0 0 0 1]
 [0 0 1 1 0 0 0 0 1 0 0 0 0 0 1]
 [0 0 1 1 0 0 0 0 1 0 0 0 0 0 1]
 [0 0 1 1 0 0 0 0 1 0 1 0 1 0 1]
 [0 1 1 1 0 0 0 0 1 0 0 0 0 1 1]
 [0 1 0 1 0 0 0 0 1 0 0 0 0 0 1]
 [0 0 1 0 0 1 0 0 1 0 0 0 0 0 1]
 [0 1 1 1 0 0 0 0 1 0 0 0 0 0 0]]
[[0. 1. 0. 1. 0. 0. 0. 0. 1. 0. 0. 0. 0. 0. 1.]
 [0. 0. 1. 1. 0. 0. 0. 0. 1. 0. 1. 0. 1. 0. 1.]
 [0. 0. 1. 1. 0. 0. 0. 0. 1. 0. 1. 0. 1. 0. 1.]
 [0. 0. 1. 1. 0. 0. 0. 0. 1. 0. 1. 0. 1. 0. 1.]
 [0. 1. 0. 1. 0. 0. 1. 0. 1. 0. 0. 0. 0. 0. 1.]]
比大小: 5 5
進來惹
comb:  0 1
進來惹
comb:  1 2
進來惹
comb:  2 3
進來惹
comb:  3 4
進來惹
comb:  4 0
offsprings in crossover2pts:  [[0. 1. 0. 1. 0. 0. 0. 0. 1. 0. 0. 0. 0. 0. 1.]
 [0. 0. 1. 1. 0. 0. 0. 0. 1. 0. 1. 0. 1. 0. 1.]
 [0. 0. 1. 1. 0. 0. 0. 0. 1. 0. 1. 0. 1. 0. 1.]
 [0. 0. 1. 1. 0. 0. 1. 0. 1. 0. 1. 0. 1. 0. 1.]
 [0. 1. 0. 1. 0. 0. 0. 0. 1. 0. 0. 0. 0. 0. 1.]]
(5, 15) init mutants: [[0. 0. 1. 1. 0. 0. 0. 0. 1. 0. 0. 0. 0. 1. 1.]
 [0. 1. 0. 1. 0. 0. 0. 0. 1. 0. 1. 0. 1. 0. 1.]
 [0. 0. 1. 1. 0. 0. 0. 0. 1. 0. 0. 0. 0. 0. 1.]
 [0. 1. 0. 1. 0. 0. 0. 0. 1. 0. 1. 0. 1. 0. 1.]
 [0. 1. 1. 1. 0. 0. 0. 0. 1. 0. 0. 0. 0. 0. 1.]] (5, 15)
[0, 13]
LHS: [0. 1. 0. 1. 0. 0. 0. 0. 1. 0. 0. 0. 0. 0. 1.]
RHS: [0. 1. 0. 1. 0. 0. 0. 0. 1. 0. 0. 0. 0. 0. 1.]
[13, 14]
LHS: [0. 0. 1. 1. 0. 0. 0. 0. 1. 0. 1. 0. 1. 0. 1.]
RHS: [0. 0. 1. 1. 0. 0. 0. 0. 1. 0. 1. 0. 1. 0. 1.]
[1, 2]
LHS: [0. 0. 1. 1. 0. 0. 0. 0. 1. 0. 1. 0. 1. 0. 1.]
RHS: [0. 0. 1. 1. 0. 0. 0. 0. 1. 0. 1. 0. 1. 0. 1.]
[0, 2]
LHS: [0. 0. 1. 1. 0. 0. 1. 0. 1. 0. 1. 0. 1. 0. 1.]
RHS: [0. 0. 1. 1. 0. 0. 1. 0. 1. 0. 1. 0. 1. 0. 1.]
[3, 7]
LHS: [0. 1. 0. 1. 0. 0. 0. 0. 1. 0. 0. 0. 0. 0. 1.]
RHS: [0. 1. 0. 1. 0. 0. 0. 0. 1. 0. 0. 0. 0. 0. 1.]
offsprings:  [[0. 1. 0. 1. 0. 0. 0. 0. 1. 0. 0. 0. 0. 0. 1.]
 [0. 0. 1. 1. 0. 0. 0. 0. 1. 0. 1. 0. 1. 0. 1.]
 [0. 0. 1. 1. 0. 0. 0. 0. 1. 0. 1. 0. 1. 0. 1.]
 [0. 0. 1. 1. 0. 0. 1. 0. 1. 0. 1. 0. 1. 0. 1.]
 [0. 1. 0. 1. 0. 0. 0. 0. 1. 0. 0. 0. 0. 0. 1.]]
mutants:  [[1. 1. 0. 1. 0. 0. 0. 0. 1. 0. 0. 0. 0. 1. 1.]
 [0. 0. 1. 1. 0. 0. 0. 0. 1. 0. 1. 0. 1. 1. 0.]
 [0. 1. 0. 1. 0. 0. 0. 0. 1. 0. 1. 0. 1. 0. 1.]
 [1. 0. 0. 1. 0. 0. 1. 0. 1. 0. 1. 0. 1. 0. 1.]
 [0. 1. 0. 0. 0. 0. 0. 1. 1. 0. 0. 0. 0. 0. 1.]]
2 -times ||
[294 688 269 688 269   0   0   0   0 446]
[[0 1 1 1 0 0 0 0 1 0 0 0 0 1 1]
 [0 0 1 1 0 0 0 0 1 0 1 0 1 0 1]
 [0 1 0 1 0 0 0 0 1 0 0 0 0 0 1]
 [0 0 1 1 0 0 0 0 1 0 1 0 1 0 1]
 [0 1 0 1 0 0 0 0 1 0 0 0 0 0 1]
 [0 0 1 1 0 1 0 0 1 0 0 1 0 1 1]
 [0 1 0 1 0 0 0 0 1 1 1 0 0 0 1]
 [0 0 0 1 1 0 0 0 1 0 0 0 0 0 1]
 [0 1 0 1 0 0 0 1 1 0 1 1 1 0 1]
 [0 1 0 1 0 0 1 0 1 0 0 0 0 0 1]]
[[0. 1. 0. 1. 0. 0. 0. 0. 1. 0. 1. 0. 1. 0. 1.]
 [0. 1. 0. 1. 0. 0. 0. 0. 1. 0. 0. 0. 0. 0. 1.]
 [0. 0. 1. 1. 0. 0. 0. 0. 1. 0. 1. 0. 1. 0. 1.]
 [1. 1. 0. 1. 0. 0. 0. 0. 1. 0. 0. 0. 0. 1. 1.]
 [0. 0. 1. 1. 0. 0. 0. 0. 1. 0. 1. 0. 1. 1. 0.]]
比大小: 5 5
進來惹
comb:  0 1
進來惹
comb:  1 2
進來惹
comb:  2 3
進來惹
comb:  3 4
進來惹
comb:  4 0
offsprings in crossover2pts:  [[0. 1. 0. 1. 0. 0. 0. 0. 1. 0. 1. 0. 1. 0. 1.]
 [0. 1. 0. 1. 0. 0. 0. 0. 1. 0. 0. 0. 0. 0. 1.]
 [0. 0. 1. 1. 0. 0. 0. 0. 1. 0. 1. 0. 1. 0. 1.]
 [1. 1. 0. 1. 0. 0. 0. 0. 1. 0. 0. 0. 0. 1. 1.]
 [0. 0. 1. 1. 0. 0. 0. 0. 1. 0. 1. 0. 1. 1. 0.]]
(5, 15) init mutants: [[0. 1. 0. 1. 0. 0. 0. 0. 1. 0. 0. 0. 0. 0. 1.]
 [0. 0. 1. 1. 0. 0. 0. 0. 1. 0. 1. 0. 1. 0. 1.]
 [0. 0. 1. 1. 0. 0. 0. 0. 1. 0. 1. 0. 1. 0. 1.]
 [0. 0. 1. 1. 0. 0. 1. 0. 1. 0. 1. 0. 1. 0. 1.]
 [0. 1. 0. 1. 0. 0. 0. 0. 1. 0. 0. 0. 0. 0. 1.]] (5, 15)
[2, 3]
LHS: [0. 1. 0. 1. 0. 0. 0. 0. 1. 0. 1. 0. 1. 0. 1.]
RHS: [0. 1. 0. 1. 0. 0. 0. 0. 1. 0. 1. 0. 1. 0. 1.]
[2, 10]
LHS: [0. 1. 0. 1. 0. 0. 0. 0. 1. 0. 0. 0. 0. 0. 1.]
RHS: [0. 1. 0. 1. 0. 0. 0. 0. 1. 0. 0. 0. 0. 0. 1.]
[3, 12]
LHS: [0. 0. 1. 1. 0. 0. 0. 0. 1. 0. 1. 0. 1. 0. 1.]
RHS: [0. 0. 1. 1. 0. 0. 0. 0. 1. 0. 1. 0. 1. 0. 1.]
[0, 2]
LHS: [1. 1. 0. 1. 0. 0. 0. 0. 1. 0. 0. 0. 0. 1. 1.]
RHS: [1. 1. 0. 1. 0. 0. 0. 0. 1. 0. 0. 0. 0. 1. 1.]
[7, 8]
LHS: [0. 0. 1. 1. 0. 0. 0. 0. 1. 0. 1. 0. 1. 1. 0.]
RHS: [0. 0. 1. 1. 0. 0. 0. 0. 1. 0. 1. 0. 1. 1. 0.]
offsprings:  [[0. 1. 0. 1. 0. 0. 0. 0. 1. 0. 1. 0. 1. 0. 1.]
 [0. 1. 0. 1. 0. 0. 0. 0. 1. 0. 0. 0. 0. 0. 1.]
 [0. 0. 1. 1. 0. 0. 0. 0. 1. 0. 1. 0. 1. 0. 1.]
 [1. 1. 0. 1. 0. 0. 0. 0. 1. 0. 0. 0. 0. 1. 1.]
 [0. 0. 1. 1. 0. 0. 0. 0. 1. 0. 1. 0. 1. 1. 0.]]
mutants:  [[0. 1. 1. 0. 0. 0. 0. 0. 1. 0. 1. 0. 1. 0. 1.]
 [0. 1. 1. 1. 0. 0. 0. 0. 1. 0. 1. 0. 0. 0. 1.]
 [0. 0. 1. 0. 0. 0. 0. 0. 1. 0. 1. 0. 0. 0. 1.]
 [0. 1. 1. 1. 0. 0. 0. 0. 1. 0. 0. 0. 0. 1. 1.]
 [0. 0. 1. 1. 0. 0. 0. 1. 0. 0. 1. 0. 1. 1. 0.]]
3 -times ||
[269 688 688 688 446 288 660 683   0   0]
[[0 1 0 1 0 0 0 0 1 0 0 0 0 0 1]
 [0 0 1 1 0 0 0 0 1 0 1 0 1 0 1]
 [0 0 1 1 0 0 0 0 1 0 1 0 1 0 1]
 [0 0 1 1 0 0 0 0 1 0 1 0 1 0 1]
 [0 1 0 1 0 0 1 0 1 0 0 0 0 0 1]
 [1 1 0 1 0 0 0 0 1 0 0 0 0 1 1]
 [0 0 1 1 0 0 0 0 1 0 1 0 1 1 0]
 [0 1 0 1 0 0 0 0 1 0 1 0 1 0 1]
 [1 0 0 1 0 0 1 0 1 0 1 0 1 0 1]
 [0 1 0 0 0 0 0 1 1 0 0 0 0 0 1]]
[[1. 1. 0. 1. 0. 0. 0. 0. 1. 0. 0. 0. 0. 1. 1.]
 [0. 1. 1. 1. 0. 0. 0. 0. 1. 0. 1. 0. 0. 0. 1.]
 [0. 0. 1. 1. 0. 0. 0. 0. 1. 0. 1. 0. 1. 0. 1.]
 [0. 1. 1. 1. 0. 0. 0. 0. 1. 0. 1. 0. 0. 0. 1.]
 [0. 0. 1. 1. 0. 0. 0. 0. 1. 0. 1. 0. 1. 0. 1.]]
比大小: 5 5
進來惹
comb:  0 1
進來惹
comb:  1 2
進來惹
comb:  2 3
進來惹
comb:  3 4
進來惹
comb:  4 0
offsprings in crossover2pts:  [[0. 1. 1. 1. 0. 0. 0. 0. 1. 0. 0. 0. 0. 1. 1.]
 [0. 0. 1. 1. 0. 0. 0. 0. 1. 0. 1. 0. 0. 0. 1.]
 [0. 1. 1. 1. 0. 0. 0. 0. 1. 0. 1. 0. 1. 0. 1.]
 [0. 0. 1. 1. 0. 0. 0. 0. 1. 0. 1. 0. 0. 0. 1.]
 [1. 1. 0. 1. 0. 0. 0. 0. 1. 0. 1. 0. 1. 0. 1.]]
(5, 15) init mutants: [[0. 1. 0. 1. 0. 0. 0. 0. 1. 0. 1. 0. 1. 0. 1.]
 [0. 1. 0. 1. 0. 0. 0. 0. 1. 0. 0. 0. 0. 0. 1.]
 [0. 0. 1. 1. 0. 0. 0. 0. 1. 0. 1. 0. 1. 0. 1.]
 [1. 1. 0. 1. 0. 0. 0. 0. 1. 0. 0. 0. 0. 1. 1.]
 [0. 0. 1. 1. 0. 0. 0. 0. 1. 0. 1. 0. 1. 1. 0.]] (5, 15)
[6, 12]
LHS: [0. 1. 1. 1. 0. 0. 0. 0. 1. 0. 0. 0. 0. 1. 1.]
RHS: [0. 1. 1. 1. 0. 0. 0. 0. 1. 0. 0. 0. 0. 1. 1.]
[1, 3]
LHS: [0. 0. 1. 1. 0. 0. 0. 0. 1. 0. 1. 0. 0. 0. 1.]
RHS: [0. 0. 1. 1. 0. 0. 0. 0. 1. 0. 1. 0. 0. 0. 1.]
[1, 8]
LHS: [0. 1. 1. 1. 0. 0. 0. 0. 1. 0. 1. 0. 1. 0. 1.]
RHS: [0. 1. 1. 1. 0. 0. 0. 0. 1. 0. 1. 0. 1. 0. 1.]
[0, 4]
LHS: [0. 0. 1. 1. 0. 0. 0. 0. 1. 0. 1. 0. 0. 0. 1.]
RHS: [0. 0. 1. 1. 0. 0. 0. 0. 1. 0. 1. 0. 0. 0. 1.]
[5, 12]
LHS: [1. 1. 0. 1. 0. 0. 0. 0. 1. 0. 1. 0. 1. 0. 1.]
RHS: [1. 1. 0. 1. 0. 0. 0. 0. 1. 0. 1. 0. 1. 0. 1.]
offsprings:  [[0. 1. 1. 1. 0. 0. 0. 0. 1. 0. 0. 0. 0. 1. 1.]
 [0. 0. 1. 1. 0. 0. 0. 0. 1. 0. 1. 0. 0. 0. 1.]
 [0. 1. 1. 1. 0. 0. 0. 0. 1. 0. 1. 0. 1. 0. 1.]
 [0. 0. 1. 1. 0. 0. 0. 0. 1. 0. 1. 0. 0. 0. 1.]
 [1. 1. 0. 1. 0. 0. 0. 0. 1. 0. 1. 0. 1. 0. 1.]]
mutants:  [[0. 1. 1. 1. 0. 0. 1. 0. 1. 0. 0. 0. 1. 1. 1.]
 [0. 1. 1. 0. 0. 0. 0. 0. 1. 0. 1. 0. 0. 0. 1.]
 [0. 0. 1. 1. 0. 0. 0. 0. 0. 0. 1. 0. 1. 0. 1.]
 [1. 0. 1. 1. 1. 0. 0. 0. 1. 0. 1. 0. 0. 0. 1.]
 [1. 1. 0. 1. 0. 1. 0. 0. 1. 0. 1. 0. 0. 0. 1.]]
4 -times ||
[683 269 688 288 660   0 687   0 294 656]
[[0 1 0 1 0 0 0 0 1 0 1 0 1 0 1]
 [0 1 0 1 0 0 0 0 1 0 0 0 0 0 1]
 [0 0 1 1 0 0 0 0 1 0 1 0 1 0 1]
 [1 1 0 1 0 0 0 0 1 0 0 0 0 1 1]
 [0 0 1 1 0 0 0 0 1 0 1 0 1 1 0]
 [0 1 1 0 0 0 0 0 1 0 1 0 1 0 1]
 [0 1 1 1 0 0 0 0 1 0 1 0 0 0 1]
 [0 0 1 0 0 0 0 0 1 0 1 0 0 0 1]
 [0 1 1 1 0 0 0 0 1 0 0 0 0 1 1]
 [0 0 1 1 0 0 0 1 0 0 1 0 1 1 0]]
[[0. 1. 1. 1. 0. 0. 0. 0. 1. 0. 1. 0. 0. 0. 1.]
 [0. 0. 1. 1. 0. 0. 0. 0. 1. 0. 1. 0. 1. 0. 1.]
 [1. 1. 0. 1. 0. 1. 0. 0. 1. 0. 1. 0. 0. 0. 1.]
 [0. 1. 1. 1. 0. 0. 0. 0. 1. 0. 1. 0. 0. 0. 1.]
 [0. 0. 1. 1. 0. 0. 0. 0. 1. 0. 1. 0. 1. 0. 1.]]
比大小: 5 5
進來惹
comb:  0 1
進來惹
comb:  1 2
進來惹
comb:  2 3
進來惹
comb:  3 4
進來惹
comb:  4 0
offsprings in crossover2pts:  [[0. 1. 1. 1. 0. 0. 0. 0. 1. 0. 1. 0. 0. 0. 1.]
 [0. 0. 1. 1. 0. 1. 0. 0. 1. 0. 1. 0. 1. 0. 1.]
 [1. 1. 0. 1. 0. 0. 0. 0. 1. 0. 1. 0. 0. 0. 1.]
 [0. 1. 1. 1. 0. 0. 0. 0. 1. 0. 1. 0. 0. 0. 1.]
 [0. 0. 1. 1. 0. 0. 0. 0. 1. 0. 1. 0. 1. 0. 1.]]
(5, 15) init mutants: [[0. 1. 1. 1. 0. 0. 0. 0. 1. 0. 0. 0. 0. 1. 1.]
 [0. 0. 1. 1. 0. 0. 0. 0. 1. 0. 1. 0. 0. 0. 1.]
 [0. 1. 1. 1. 0. 0. 0. 0. 1. 0. 1. 0. 1. 0. 1.]
 [0. 0. 1. 1. 0. 0. 0. 0. 1. 0. 1. 0. 0. 0. 1.]
 [1. 1. 0. 1. 0. 0. 0. 0. 1. 0. 1. 0. 1. 0. 1.]] (5, 15)
[1, 2]
LHS: [0. 1. 1. 1. 0. 0. 0. 0. 1. 0. 1. 0. 0. 0. 1.]
RHS: [0. 1. 1. 1. 0. 0. 0. 0. 1. 0. 1. 0. 0. 0. 1.]
[3, 14]
LHS: [0. 0. 1. 1. 0. 1. 0. 0. 1. 0. 1. 0. 1. 0. 1.]
RHS: [0. 0. 1. 1. 0. 1. 0. 0. 1. 0. 1. 0. 1. 0. 1.]
[7, 14]
LHS: [1. 1. 0. 1. 0. 0. 0. 0. 1. 0. 1. 0. 0. 0. 1.]
RHS: [1. 1. 0. 1. 0. 0. 0. 0. 1. 0. 1. 0. 0. 0. 1.]
[2, 9]
LHS: [0. 1. 1. 1. 0. 0. 0. 0. 1. 0. 1. 0. 0. 0. 1.]
RHS: [0. 1. 1. 1. 0. 0. 0. 0. 1. 0. 1. 0. 0. 0. 1.]
[5, 10]
LHS: [0. 0. 1. 1. 0. 0. 0. 0. 1. 0. 1. 0. 1. 0. 1.]
RHS: [0. 0. 1. 1. 0. 0. 0. 0. 1. 0. 1. 0. 1. 0. 1.]
offsprings:  [[0. 1. 1. 1. 0. 0. 0. 0. 1. 0. 1. 0. 0. 0. 1.]
 [0. 0. 1. 1. 0. 1. 0. 0. 1. 0. 1. 0. 1. 0. 1.]
 [1. 1. 0. 1. 0. 0. 0. 0. 1. 0. 1. 0. 0. 0. 1.]
 [0. 1. 1. 1. 0. 0. 0. 0. 1. 0. 1. 0. 0. 0. 1.]
 [0. 0. 1. 1. 0. 0. 0. 0. 1. 0. 1. 0. 1. 0. 1.]]
mutants:  [[0. 0. 0. 1. 0. 0. 0. 0. 1. 0. 1. 0. 0. 0. 1.]
 [0. 0. 1. 0. 0. 1. 0. 0. 1. 0. 1. 0. 1. 0. 0.]
 [1. 1. 0. 1. 0. 0. 0. 1. 1. 0. 1. 0. 0. 0. 0.]
 [0. 1. 0. 1. 0. 0. 0. 0. 1. 1. 1. 0. 0. 0. 1.]
 [0. 0. 1. 1. 0. 1. 0. 0. 1. 0. 0. 0. 1. 0. 1.]]
5 -times ||
[288 687 688 687 688 550   0 471 734 785]
[[1 1 0 1 0 0 0 0 1 0 0 0 0 1 1]
 [0 1 1 1 0 0 0 0 1 0 1 0 0 0 1]
 [0 0 1 1 0 0 0 0 1 0 1 0 1 0 1]
 [0 1 1 1 0 0 0 0 1 0 1 0 0 0 1]
 [0 0 1 1 0 0 0 0 1 0 1 0 1 0 1]
 [0 1 1 1 0 0 1 0 1 0 0 0 1 1 1]
 [0 1 1 0 0 0 0 0 1 0 1 0 0 0 1]
 [0 0 1 1 0 0 0 0 0 0 1 0 1 0 1]
 [1 0 1 1 1 0 0 0 1 0 1 0 0 0 1]
 [1 1 0 1 0 1 0 0 1 0 1 0 0 0 1]]
[[0. 0. 1. 1. 0. 0. 0. 0. 1. 0. 1. 0. 1. 0. 1.]
 [0. 0. 1. 1. 0. 0. 0. 0. 1. 0. 1. 0. 1. 0. 1.]
 [0. 1. 1. 1. 0. 0. 0. 0. 1. 0. 1. 0. 0. 0. 1.]
 [0. 0. 1. 1. 0. 0. 0. 0. 1. 0. 1. 0. 1. 0. 1.]
 [0. 0. 1. 1. 0. 0. 0. 0. 1. 0. 1. 0. 1. 0. 1.]]
比大小: 5 5
進來惹
comb:  0 1
進來惹
comb:  1 2
進來惹
comb:  2 3
進來惹
comb:  3 4
進來惹
comb:  4 0
offsprings in crossover2pts:  [[0. 0. 1. 1. 0. 0. 0. 0. 1. 0. 1. 0. 1. 0. 1.]
 [0. 0. 1. 1. 0. 0. 0. 0. 1. 0. 1. 0. 1. 0. 1.]
 [0. 1. 1. 1. 0. 0. 0. 0. 1. 0. 1. 0. 0. 0. 1.]
 [0. 0. 1. 1. 0. 0. 0. 0. 1. 0. 1. 0. 1. 0. 1.]
 [0. 0. 1. 1. 0. 0. 0. 0. 1. 0. 1. 0. 1. 0. 1.]]
(5, 15) init mutants: [[0. 1. 1. 1. 0. 0. 0. 0. 1. 0. 1. 0. 0. 0. 1.]
 [0. 0. 1. 1. 0. 1. 0. 0. 1. 0. 1. 0. 1. 0. 1.]
 [1. 1. 0. 1. 0. 0. 0. 0. 1. 0. 1. 0. 0. 0. 1.]
 [0. 1. 1. 1. 0. 0. 0. 0. 1. 0. 1. 0. 0. 0. 1.]
 [0. 0. 1. 1. 0. 0. 0. 0. 1. 0. 1. 0. 1. 0. 1.]] (5, 15)
[3, 11]
LHS: [0. 0. 1. 1. 0. 0. 0. 0. 1. 0. 1. 0. 1. 0. 1.]
RHS: [0. 0. 1. 1. 0. 0. 0. 0. 1. 0. 1. 0. 1. 0. 1.]
[1, 13]
LHS: [0. 0. 1. 1. 0. 0. 0. 0. 1. 0. 1. 0. 1. 0. 1.]
RHS: [0. 0. 1. 1. 0. 0. 0. 0. 1. 0. 1. 0. 1. 0. 1.]
[4, 14]
LHS: [0. 1. 1. 1. 0. 0. 0. 0. 1. 0. 1. 0. 0. 0. 1.]
RHS: [0. 1. 1. 1. 0. 0. 0. 0. 1. 0. 1. 0. 0. 0. 1.]
[10, 14]
LHS: [0. 0. 1. 1. 0. 0. 0. 0. 1. 0. 1. 0. 1. 0. 1.]
RHS: [0. 0. 1. 1. 0. 0. 0. 0. 1. 0. 1. 0. 1. 0. 1.]
[3, 10]
LHS: [0. 0. 1. 1. 0. 0. 0. 0. 1. 0. 1. 0. 1. 0. 1.]
RHS: [0. 0. 1. 1. 0. 0. 0. 0. 1. 0. 1. 0. 1. 0. 1.]
offsprings:  [[0. 0. 1. 1. 0. 0. 0. 0. 1. 0. 1. 0. 1. 0. 1.]
 [0. 0. 1. 1. 0. 0. 0. 0. 1. 0. 1. 0. 1. 0. 1.]
 [0. 1. 1. 1. 0. 0. 0. 0. 1. 0. 1. 0. 0. 0. 1.]
 [0. 0. 1. 1. 0. 0. 0. 0. 1. 0. 1. 0. 1. 0. 1.]
 [0. 0. 1. 1. 0. 0. 0. 0. 1. 0. 1. 0. 1. 0. 1.]]
mutants:  [[0. 0. 1. 0. 0. 0. 0. 0. 1. 0. 1. 1. 1. 0. 1.]
 [0. 1. 1. 1. 0. 0. 0. 0. 1. 0. 1. 0. 1. 1. 1.]
 [0. 1. 1. 1. 1. 0. 0. 0. 1. 0. 1. 0. 0. 0. 0.]
 [0. 0. 1. 1. 0. 0. 0. 0. 1. 0. 0. 0. 1. 0. 0.]
 [0. 0. 1. 0. 0. 0. 0. 0. 1. 0. 0. 0. 1. 0. 1.]]
6 -times ||
[687 688 785 687 688   0 728   0   0 382]
[[0 1 1 1 0 0 0 0 1 0 1 0 0 0 1]
 [0 0 1 1 0 0 0 0 1 0 1 0 1 0 1]
 [1 1 0 1 0 1 0 0 1 0 1 0 0 0 1]
 [0 1 1 1 0 0 0 0 1 0 1 0 0 0 1]
 [0 0 1 1 0 0 0 0 1 0 1 0 1 0 1]
 [0 0 0 1 0 0 0 0 1 0 1 0 0 0 1]
 [0 0 1 0 0 1 0 0 1 0 1 0 1 0 0]
 [1 1 0 1 0 0 0 1 1 0 1 0 0 0 0]
 [0 1 0 1 0 0 0 0 1 1 1 0 0 0 1]
 [0 0 1 1 0 1 0 0 1 0 0 0 1 0 1]]
[[0. 0. 1. 1. 0. 0. 0. 0. 1. 0. 1. 0. 1. 0. 1.]
 [0. 1. 1. 1. 0. 0. 0. 0. 1. 0. 1. 0. 1. 1. 1.]
 [0. 0. 1. 1. 0. 0. 0. 0. 1. 0. 1. 0. 1. 0. 1.]
 [0. 0. 1. 1. 0. 0. 0. 0. 1. 0. 1. 0. 1. 0. 1.]
 [0. 1. 1. 1. 0. 0. 0. 0. 1. 0. 1. 0. 0. 0. 1.]]
比大小: 5 5
進來惹
comb:  0 1
進來惹
comb:  1 2
進來惹
comb:  2 3
進來惹
comb:  3 4
進來惹
comb:  4 0
offsprings in crossover2pts:  [[0. 1. 1. 1. 0. 0. 0. 0. 1. 0. 1. 0. 1. 0. 1.]
 [0. 0. 1. 1. 0. 0. 0. 0. 1. 0. 1. 0. 1. 1. 1.]
 [0. 0. 1. 1. 0. 0. 0. 0. 1. 0. 1. 0. 1. 0. 1.]
 [0. 1. 1. 1. 0. 0. 0. 0. 1. 0. 1. 0. 1. 0. 1.]
 [0. 0. 1. 1. 0. 0. 0. 0. 1. 0. 1. 0. 0. 0. 1.]]
(5, 15) init mutants: [[0. 0. 1. 1. 0. 0. 0. 0. 1. 0. 1. 0. 1. 0. 1.]
 [0. 0. 1. 1. 0. 0. 0. 0. 1. 0. 1. 0. 1. 0. 1.]
 [0. 1. 1. 1. 0. 0. 0. 0. 1. 0. 1. 0. 0. 0. 1.]
 [0. 0. 1. 1. 0. 0. 0. 0. 1. 0. 1. 0. 1. 0. 1.]
 [0. 0. 1. 1. 0. 0. 0. 0. 1. 0. 1. 0. 1. 0. 1.]] (5, 15)
[9, 10]
LHS: [0. 1. 1. 1. 0. 0. 0. 0. 1. 0. 1. 0. 1. 0. 1.]
RHS: [0. 1. 1. 1. 0. 0. 0. 0. 1. 0. 1. 0. 1. 0. 1.]
[0, 5]
LHS: [0. 0. 1. 1. 0. 0. 0. 0. 1. 0. 1. 0. 1. 1. 1.]
RHS: [0. 0. 1. 1. 0. 0. 0. 0. 1. 0. 1. 0. 1. 1. 1.]
[3, 13]
LHS: [0. 0. 1. 1. 0. 0. 0. 0. 1. 0. 1. 0. 1. 0. 1.]
RHS: [0. 0. 1. 1. 0. 0. 0. 0. 1. 0. 1. 0. 1. 0. 1.]
[9, 13]
LHS: [0. 1. 1. 1. 0. 0. 0. 0. 1. 0. 1. 0. 1. 0. 1.]
RHS: [0. 1. 1. 1. 0. 0. 0. 0. 1. 0. 1. 0. 1. 0. 1.]
[3, 10]
LHS: [0. 0. 1. 1. 0. 0. 0. 0. 1. 0. 1. 0. 0. 0. 1.]
RHS: [0. 0. 1. 1. 0. 0. 0. 0. 1. 0. 1. 0. 0. 0. 1.]
offsprings:  [[0. 1. 1. 1. 0. 0. 0. 0. 1. 0. 1. 0. 1. 0. 1.]
 [0. 0. 1. 1. 0. 0. 0. 0. 1. 0. 1. 0. 1. 1. 1.]
 [0. 0. 1. 1. 0. 0. 0. 0. 1. 0. 1. 0. 1. 0. 1.]
 [0. 1. 1. 1. 0. 0. 0. 0. 1. 0. 1. 0. 1. 0. 1.]
 [0. 0. 1. 1. 0. 0. 0. 0. 1. 0. 1. 0. 0. 0. 1.]]
mutants:  [[0. 1. 1. 1. 0. 0. 0. 0. 1. 1. 0. 0. 1. 0. 1.]
 [1. 0. 1. 1. 0. 1. 0. 0. 1. 0. 1. 0. 1. 1. 1.]
 [0. 0. 1. 0. 0. 0. 0. 0. 1. 0. 1. 0. 1. 1. 1.]
 [0. 1. 1. 1. 0. 0. 0. 0. 1. 1. 1. 0. 1. 1. 1.]
 [0. 0. 1. 0. 0. 0. 0. 0. 1. 0. 0. 0. 0. 0. 1.]]
7 -times ||
[688 688 687 688 688   0 778   0 268   0]
[[0 0 1 1 0 0 0 0 1 0 1 0 1 0 1]
 [0 0 1 1 0 0 0 0 1 0 1 0 1 0 1]
 [0 1 1 1 0 0 0 0 1 0 1 0 0 0 1]
 [0 0 1 1 0 0 0 0 1 0 1 0 1 0 1]
 [0 0 1 1 0 0 0 0 1 0 1 0 1 0 1]
 [0 0 1 0 0 0 0 0 1 0 1 1 1 0 1]
 [0 1 1 1 0 0 0 0 1 0 1 0 1 1 1]
 [0 1 1 1 1 0 0 0 1 0 1 0 0 0 0]
 [0 0 1 1 0 0 0 0 1 0 0 0 1 0 0]
 [0 0 1 0 0 0 0 0 1 0 0 0 1 0 1]]
[[0. 0. 1. 1. 0. 0. 0. 0. 1. 0. 1. 0. 1. 0. 1.]
 [0. 0. 1. 1. 0. 0. 0. 0. 1. 0. 1. 0. 1. 0. 1.]
 [0. 1. 1. 1. 0. 0. 0. 0. 1. 0. 1. 0. 1. 1. 1.]
 [0. 1. 1. 1. 0. 0. 0. 0. 1. 0. 1. 0. 0. 0. 1.]
 [0. 0. 1. 1. 0. 0. 0. 0. 1. 0. 1. 0. 1. 0. 1.]]
比大小: 5 5
進來惹
comb:  0 1
進來惹
comb:  1 2
進來惹
comb:  2 3
進來惹
comb:  3 4
進來惹
comb:  4 0
offsprings in crossover2pts:  [[0. 0. 1. 1. 0. 0. 0. 0. 1. 0. 1. 0. 1. 0. 1.]
 [0. 0. 1. 1. 0. 0. 0. 0. 1. 0. 1. 0. 1. 1. 1.]
 [0. 1. 1. 1. 0. 0. 0. 0. 1. 0. 1. 0. 0. 0. 1.]
 [0. 1. 1. 1. 0. 0. 0. 0. 1. 0. 1. 0. 1. 0. 1.]
 [0. 0. 1. 1. 0. 0. 0. 0. 1. 0. 1. 0. 1. 0. 1.]]
(5, 15) init mutants: [[0. 1. 1. 1. 0. 0. 0. 0. 1. 0. 1. 0. 1. 0. 1.]
 [0. 0. 1. 1. 0. 0. 0. 0. 1. 0. 1. 0. 1. 1. 1.]
 [0. 0. 1. 1. 0. 0. 0. 0. 1. 0. 1. 0. 1. 0. 1.]
 [0. 1. 1. 1. 0. 0. 0. 0. 1. 0. 1. 0. 1. 0. 1.]
 [0. 0. 1. 1. 0. 0. 0. 0. 1. 0. 1. 0. 0. 0. 1.]] (5, 15)
[1, 12]
LHS: [0. 0. 1. 1. 0. 0. 0. 0. 1. 0. 1. 0. 1. 0. 1.]
RHS: [0. 0. 1. 1. 0. 0. 0. 0. 1. 0. 1. 0. 1. 0. 1.]
[5, 14]
LHS: [0. 0. 1. 1. 0. 0. 0. 0. 1. 0. 1. 0. 1. 1. 1.]
RHS: [0. 0. 1. 1. 0. 0. 0. 0. 1. 0. 1. 0. 1. 1. 1.]
[8, 12]
LHS: [0. 1. 1. 1. 0. 0. 0. 0. 1. 0. 1. 0. 0. 0. 1.]
RHS: [0. 1. 1. 1. 0. 0. 0. 0. 1. 0. 1. 0. 0. 0. 1.]
[9, 14]
LHS: [0. 1. 1. 1. 0. 0. 0. 0. 1. 0. 1. 0. 1. 0. 1.]
RHS: [0. 1. 1. 1. 0. 0. 0. 0. 1. 0. 1. 0. 1. 0. 1.]
[7, 9]
LHS: [0. 0. 1. 1. 0. 0. 0. 0. 1. 0. 1. 0. 1. 0. 1.]
RHS: [0. 0. 1. 1. 0. 0. 0. 0. 1. 0. 1. 0. 1. 0. 1.]
offsprings:  [[0. 0. 1. 1. 0. 0. 0. 0. 1. 0. 1. 0. 1. 0. 1.]
 [0. 0. 1. 1. 0. 0. 0. 0. 1. 0. 1. 0. 1. 1. 1.]
 [0. 1. 1. 1. 0. 0. 0. 0. 1. 0. 1. 0. 0. 0. 1.]
 [0. 1. 1. 1. 0. 0. 0. 0. 1. 0. 1. 0. 1. 0. 1.]
 [0. 0. 1. 1. 0. 0. 0. 0. 1. 0. 1. 0. 1. 0. 1.]]
mutants:  [[0. 1. 1. 1. 0. 0. 0. 0. 1. 0. 1. 0. 0. 0. 1.]
 [0. 0. 1. 1. 0. 1. 0. 0. 1. 0. 1. 0. 1. 1. 0.]
 [0. 1. 1. 1. 0. 0. 0. 0. 0. 0. 1. 0. 1. 0. 1.]
 [0. 1. 1. 1. 0. 0. 0. 0. 1. 1. 1. 0. 1. 0. 0.]
 [0. 0. 1. 1. 0. 0. 0. 1. 1. 1. 1. 0. 1. 0. 1.]]
8 -times ||
[688 778 688 688 687 501   0   0   0   0]
[[0 0 1 1 0 0 0 0 1 0 1 0 1 0 1]
 [0 1 1 1 0 0 0 0 1 0 1 0 1 1 1]
 [0 0 1 1 0 0 0 0 1 0 1 0 1 0 1]
 [0 0 1 1 0 0 0 0 1 0 1 0 1 0 1]
 [0 1 1 1 0 0 0 0 1 0 1 0 0 0 1]
 [0 1 1 1 0 0 0 0 1 1 0 0 1 0 1]
 [1 0 1 1 0 1 0 0 1 0 1 0 1 1 1]
 [0 0 1 0 0 0 0 0 1 0 1 0 1 1 1]
 [0 1 1 1 0 0 0 0 1 1 1 0 1 1 1]
 [0 0 1 0 0 0 0 0 1 0 0 0 0 0 1]]
[[0. 0. 1. 1. 0. 0. 0. 0. 1. 0. 1. 0. 1. 0. 1.]
 [0. 1. 1. 1. 0. 0. 0. 0. 1. 0. 1. 0. 1. 1. 1.]
 [0. 1. 1. 1. 0. 0. 0. 0. 1. 0. 1. 0. 1. 1. 1.]
 [0. 1. 1. 1. 0. 0. 0. 0. 1. 0. 1. 0. 0. 0. 1.]
 [0. 0. 1. 1. 0. 1. 0. 0. 1. 0. 1. 0. 1. 1. 0.]]
比大小: 5 5
進來惹
comb:  0 1
進來惹
comb:  1 2
進來惹
comb:  2 3
進來惹
comb:  3 4
進來惹
comb:  4 0
offsprings in crossover2pts:  [[0. 0. 1. 1. 0. 0. 0. 0. 1. 0. 1. 0. 1. 0. 1.]
 [0. 1. 1. 1. 0. 0. 0. 0. 1. 0. 1. 0. 1. 1. 1.]
 [0. 1. 1. 1. 0. 0. 0. 0. 1. 0. 1. 0. 1. 1. 1.]
 [0. 1. 1. 1. 0. 1. 0. 0. 1. 0. 1. 0. 0. 0. 1.]
 [0. 0. 1. 1. 0. 0. 0. 0. 1. 0. 1. 0. 1. 1. 0.]]
(5, 15) init mutants: [[0. 0. 1. 1. 0. 0. 0. 0. 1. 0. 1. 0. 1. 0. 1.]
 [0. 0. 1. 1. 0. 0. 0. 0. 1. 0. 1. 0. 1. 1. 1.]
 [0. 1. 1. 1. 0. 0. 0. 0. 1. 0. 1. 0. 0. 0. 1.]
 [0. 1. 1. 1. 0. 0. 0. 0. 1. 0. 1. 0. 1. 0. 1.]
 [0. 0. 1. 1. 0. 0. 0. 0. 1. 0. 1. 0. 1. 0. 1.]] (5, 15)
[0, 14]
LHS: [0. 0. 1. 1. 0. 0. 0. 0. 1. 0. 1. 0. 1. 0. 1.]
RHS: [0. 0. 1. 1. 0. 0. 0. 0. 1. 0. 1. 0. 1. 0. 1.]
[5, 10]
LHS: [0. 1. 1. 1. 0. 0. 0. 0. 1. 0. 1. 0. 1. 1. 1.]
RHS: [0. 1. 1. 1. 0. 0. 0. 0. 1. 0. 1. 0. 1. 1. 1.]
[1, 13]
LHS: [0. 1. 1. 1. 0. 0. 0. 0. 1. 0. 1. 0. 1. 1. 1.]
RHS: [0. 1. 1. 1. 0. 0. 0. 0. 1. 0. 1. 0. 1. 1. 1.]
[2, 3]
LHS: [0. 1. 1. 1. 0. 1. 0. 0. 1. 0. 1. 0. 0. 0. 1.]
RHS: [0. 1. 1. 1. 0. 1. 0. 0. 1. 0. 1. 0. 0. 0. 1.]
[0, 5]
LHS: [0. 0. 1. 1. 0. 0. 0. 0. 1. 0. 1. 0. 1. 1. 0.]
RHS: [0. 0. 1. 1. 0. 0. 0. 0. 1. 0. 1. 0. 1. 1. 0.]
offsprings:  [[0. 0. 1. 1. 0. 0. 0. 0. 1. 0. 1. 0. 1. 0. 1.]
 [0. 1. 1. 1. 0. 0. 0. 0. 1. 0. 1. 0. 1. 1. 1.]
 [0. 1. 1. 1. 0. 0. 0. 0. 1. 0. 1. 0. 1. 1. 1.]
 [0. 1. 1. 1. 0. 1. 0. 0. 1. 0. 1. 0. 0. 0. 1.]
 [0. 0. 1. 1. 0. 0. 0. 0. 1. 0. 1. 0. 1. 1. 0.]]
mutants:  [[1. 0. 1. 1. 0. 0. 0. 0. 1. 0. 1. 0. 1. 0. 0.]
 [0. 1. 1. 1. 0. 1. 0. 0. 1. 0. 0. 0. 1. 1. 1.]
 [0. 0. 1. 1. 0. 0. 0. 0. 1. 0. 1. 0. 1. 0. 1.]
 [0. 1. 0. 0. 0. 1. 0. 0. 1. 0. 1. 0. 0. 0. 1.]
 [1. 0. 1. 1. 0. 1. 0. 0. 1. 0. 1. 0. 1. 1. 0.]]
9 -times ||
[688 688 778 687 688 687 784 479   0   0]
[[0 0 1 1 0 0 0 0 1 0 1 0 1 0 1]
 [0 0 1 1 0 0 0 0 1 0 1 0 1 0 1]
 [0 1 1 1 0 0 0 0 1 0 1 0 1 1 1]
 [0 1 1 1 0 0 0 0 1 0 1 0 0 0 1]
 [0 0 1 1 0 0 0 0 1 0 1 0 1 0 1]
 [0 1 1 1 0 0 0 0 1 0 1 0 0 0 1]
 [0 0 1 1 0 1 0 0 1 0 1 0 1 1 0]
 [0 1 1 1 0 0 0 0 0 0 1 0 1 0 1]
 [0 1 1 1 0 0 0 0 1 1 1 0 1 0 0]
 [0 0 1 1 0 0 0 1 1 1 1 0 1 0 1]]
[[1. 0. 1. 1. 0. 0. 0. 0. 1. 0. 1. 0. 1. 0. 0.]
 [0. 1. 1. 1. 0. 0. 0. 0. 1. 0. 1. 0. 0. 0. 1.]
 [1. 0. 1. 1. 0. 0. 0. 0. 1. 0. 1. 0. 1. 0. 0.]
 [1. 0. 1. 1. 0. 0. 0. 0. 1. 0. 1. 0. 1. 0. 0.]
 [0. 1. 1. 1. 0. 0. 0. 0. 1. 0. 1. 0. 0. 0. 1.]]
比大小: 5 5
進來惹
comb:  0 1
進來惹
comb:  1 2
進來惹
comb:  2 3
進來惹
comb:  3 4
進來惹
comb:  4 0
offsprings in crossover2pts:  [[1. 0. 1. 1. 0. 0. 0. 0. 1. 0. 1. 0. 0. 0. 0.]
 [0. 1. 1. 1. 0. 0. 0. 0. 1. 0. 1. 0. 1. 0. 1.]
 [1. 0. 1. 1. 0. 0. 0. 0. 1. 0. 1. 0. 1. 0. 0.]
 [1. 0. 1. 1. 0. 0. 0. 0. 1. 0. 1. 0. 0. 0. 0.]
 [0. 1. 1. 1. 0. 0. 0. 0. 1. 0. 1. 0. 1. 0. 1.]]
(5, 15) init mutants: [[0. 0. 1. 1. 0. 0. 0. 0. 1. 0. 1. 0. 1. 0. 1.]
 [0. 1. 1. 1. 0. 0. 0. 0. 1. 0. 1. 0. 1. 1. 1.]
 [0. 1. 1. 1. 0. 0. 0. 0. 1. 0. 1. 0. 1. 1. 1.]
 [0. 1. 1. 1. 0. 1. 0. 0. 1. 0. 1. 0. 0. 0. 1.]
 [0. 0. 1. 1. 0. 0. 0. 0. 1. 0. 1. 0. 1. 1. 0.]] (5, 15)
[3, 14]
LHS: [1. 0. 1. 1. 0. 0. 0. 0. 1. 0. 1. 0. 0. 0. 0.]
RHS: [1. 0. 1. 1. 0. 0. 0. 0. 1. 0. 1. 0. 0. 0. 0.]
[10, 12]
LHS: [0. 1. 1. 1. 0. 0. 0. 0. 1. 0. 1. 0. 1. 0. 1.]
RHS: [0. 1. 1. 1. 0. 0. 0. 0. 1. 0. 1. 0. 1. 0. 1.]
[7, 14]
LHS: [1. 0. 1. 1. 0. 0. 0. 0. 1. 0. 1. 0. 1. 0. 0.]
RHS: [1. 0. 1. 1. 0. 0. 0. 0. 1. 0. 1. 0. 1. 0. 0.]
[0, 2]
LHS: [1. 0. 1. 1. 0. 0. 0. 0. 1. 0. 1. 0. 0. 0. 0.]
RHS: [1. 0. 1. 1. 0. 0. 0. 0. 1. 0. 1. 0. 0. 0. 0.]
[6, 7]
LHS: [0. 1. 1. 1. 0. 0. 0. 0. 1. 0. 1. 0. 1. 0. 1.]
RHS: [0. 1. 1. 1. 0. 0. 0. 0. 1. 0. 1. 0. 1. 0. 1.]
offsprings:  [[1. 0. 1. 1. 0. 0. 0. 0. 1. 0. 1. 0. 0. 0. 0.]
 [0. 1. 1. 1. 0. 0. 0. 0. 1. 0. 1. 0. 1. 0. 1.]
 [1. 0. 1. 1. 0. 0. 0. 0. 1. 0. 1. 0. 1. 0. 0.]
 [1. 0. 1. 1. 0. 0. 0. 0. 1. 0. 1. 0. 0. 0. 0.]
 [0. 1. 1. 1. 0. 0. 0. 0. 1. 0. 1. 0. 1. 0. 1.]]
mutants:  [[1. 0. 1. 0. 0. 0. 0. 0. 1. 0. 1. 0. 0. 0. 1.]
 [0. 1. 1. 1. 0. 0. 0. 0. 1. 0. 0. 0. 0. 0. 1.]
 [1. 0. 1. 1. 0. 0. 0. 1. 1. 0. 1. 0. 1. 0. 1.]
 [0. 0. 0. 1. 0. 0. 0. 0. 1. 0. 1. 0. 0. 0. 0.]
 [0. 1. 1. 1. 0. 0. 1. 1. 1. 0. 1. 0. 1. 0. 1.]]
10 -times ||
[688 778 778 687 784 655 472 688 729 796]
[[0 0 1 1 0 0 0 0 1 0 1 0 1 0 1]
 [0 1 1 1 0 0 0 0 1 0 1 0 1 1 1]
 [0 1 1 1 0 0 0 0 1 0 1 0 1 1 1]
 [0 1 1 1 0 0 0 0 1 0 1 0 0 0 1]
 [0 0 1 1 0 1 0 0 1 0 1 0 1 1 0]
 [1 0 1 1 0 0 0 0 1 0 1 0 1 0 0]
 [0 1 1 1 0 1 0 0 1 0 0 0 1 1 1]
 [0 0 1 1 0 0 0 0 1 0 1 0 1 0 1]
 [0 1 0 0 0 1 0 0 1 0 1 0 0 0 1]
 [1 0 1 1 0 1 0 0 1 0 1 0 1 1 0]]
[[1. 0. 1. 1. 0. 0. 0. 0. 1. 0. 1. 0. 1. 0. 0.]
 [1. 0. 1. 1. 0. 0. 0. 0. 1. 0. 1. 0. 1. 0. 0.]
 [0. 1. 1. 1. 0. 0. 0. 0. 1. 0. 0. 0. 0. 0. 1.]
 [1. 0. 1. 1. 0. 0. 0. 0. 1. 0. 1. 0. 1. 0. 0.]
 [1. 0. 1. 1. 0. 0. 0. 0. 1. 0. 1. 0. 1. 0. 0.]]
比大小: 5 5
進來惹
comb:  0 1
進來惹
comb:  1 2
進來惹
comb:  2 3
進來惹
comb:  3 4
進來惹
comb:  4 0
offsprings in crossover2pts:  [[1. 0. 1. 1. 0. 0. 0. 0. 1. 0. 1. 0. 1. 0. 0.]
 [1. 1. 1. 1. 0. 0. 0. 0. 1. 0. 1. 0. 1. 0. 0.]
 [0. 0. 1. 1. 0. 0. 0. 0. 1. 0. 0. 0. 0. 0. 1.]
 [1. 0. 1. 1. 0. 0. 0. 0. 1. 0. 1. 0. 1. 0. 0.]
 [1. 0. 1. 1. 0. 0. 0. 0. 1. 0. 1. 0. 1. 0. 0.]]
(5, 15) init mutants: [[1. 0. 1. 1. 0. 0. 0. 0. 1. 0. 1. 0. 0. 0. 0.]
 [0. 1. 1. 1. 0. 0. 0. 0. 1. 0. 1. 0. 1. 0. 1.]
 [1. 0. 1. 1. 0. 0. 0. 0. 1. 0. 1. 0. 1. 0. 0.]
 [1. 0. 1. 1. 0. 0. 0. 0. 1. 0. 1. 0. 0. 0. 0.]
 [0. 1. 1. 1. 0. 0. 0. 0. 1. 0. 1. 0. 1. 0. 1.]] (5, 15)
[1, 10]
LHS: [1. 0. 1. 1. 0. 0. 0. 0. 1. 0. 1. 0. 1. 0. 0.]
RHS: [1. 0. 1. 1. 0. 0. 0. 0. 1. 0. 1. 0. 1. 0. 0.]
[0, 5]
LHS: [1. 1. 1. 1. 0. 0. 0. 0. 1. 0. 1. 0. 1. 0. 0.]
RHS: [1. 1. 1. 1. 0. 0. 0. 0. 1. 0. 1. 0. 1. 0. 0.]
[0, 5]
LHS: [0. 0. 1. 1. 0. 0. 0. 0. 1. 0. 0. 0. 0. 0. 1.]
RHS: [0. 0. 1. 1. 0. 0. 0. 0. 1. 0. 0. 0. 0. 0. 1.]
[1, 8]
LHS: [1. 0. 1. 1. 0. 0. 0. 0. 1. 0. 1. 0. 1. 0. 0.]
RHS: [1. 0. 1. 1. 0. 0. 0. 0. 1. 0. 1. 0. 1. 0. 0.]
[4, 8]
LHS: [1. 0. 1. 1. 0. 0. 0. 0. 1. 0. 1. 0. 1. 0. 0.]
RHS: [1. 0. 1. 1. 0. 0. 0. 0. 1. 0. 1. 0. 1. 0. 0.]
offsprings:  [[1. 0. 1. 1. 0. 0. 0. 0. 1. 0. 1. 0. 1. 0. 0.]
 [1. 1. 1. 1. 0. 0. 0. 0. 1. 0. 1. 0. 1. 0. 0.]
 [0. 0. 1. 1. 0. 0. 0. 0. 1. 0. 0. 0. 0. 0. 1.]
 [1. 0. 1. 1. 0. 0. 0. 0. 1. 0. 1. 0. 1. 0. 0.]
 [1. 0. 1. 1. 0. 0. 0. 0. 1. 0. 1. 0. 1. 0. 0.]]
mutants:  [[1. 1. 1. 1. 0. 0. 0. 0. 1. 0. 0. 0. 1. 0. 0.]
 [0. 1. 1. 1. 0. 1. 0. 0. 1. 0. 1. 0. 1. 0. 0.]
 [1. 0. 1. 1. 0. 1. 0. 0. 1. 0. 0. 0. 0. 0. 1.]
 [1. 1. 1. 1. 0. 0. 0. 0. 0. 0. 1. 0. 1. 0. 0.]
 [1. 0. 1. 1. 1. 0. 0. 0. 0. 0. 1. 0. 1. 0. 0.]]
11 -times ||
[655 687 655 655 687   0 282   0   0   0]
[[1 0 1 1 0 0 0 0 1 0 1 0 1 0 0]
 [0 1 1 1 0 0 0 0 1 0 1 0 0 0 1]
 [1 0 1 1 0 0 0 0 1 0 1 0 1 0 0]
 [1 0 1 1 0 0 0 0 1 0 1 0 1 0 0]
 [0 1 1 1 0 0 0 0 1 0 1 0 0 0 1]
 [1 0 1 0 0 0 0 0 1 0 1 0 0 0 1]
 [0 1 1 1 0 0 0 0 1 0 0 0 0 0 1]
 [1 0 1 1 0 0 0 1 1 0 1 0 1 0 1]
 [0 0 0 1 0 0 0 0 1 0 1 0 0 0 0]
 [0 1 1 1 0 0 1 1 1 0 1 0 1 0 1]]
[[1. 0. 1. 1. 0. 0. 0. 0. 1. 0. 1. 0. 1. 0. 0.]
 [1. 1. 1. 1. 0. 0. 0. 0. 1. 0. 0. 0. 1. 0. 0.]
 [1. 0. 1. 1. 0. 0. 0. 0. 1. 0. 1. 0. 1. 0. 0.]
 [1. 0. 1. 1. 0. 0. 0. 0. 1. 0. 1. 0. 1. 0. 0.]
 [1. 0. 1. 1. 0. 0. 0. 0. 1. 0. 1. 0. 1. 0. 0.]]
比大小: 5 5
進來惹
comb:  0 1
進來惹
comb:  1 2
進來惹
comb:  2 3
進來惹
comb:  3 4
進來惹
comb:  4 0
offsprings in crossover2pts:  [[1. 0. 1. 1. 0. 0. 0. 0. 1. 0. 1. 0. 1. 0. 0.]
 [1. 1. 1. 1. 0. 0. 0. 0. 1. 0. 0. 0. 1. 0. 0.]
 [1. 0. 1. 1. 0. 0. 0. 0. 1. 0. 1. 0. 1. 0. 0.]
 [1. 0. 1. 1. 0. 0. 0. 0. 1. 0. 1. 0. 1. 0. 0.]
 [1. 0. 1. 1. 0. 0. 0. 0. 1. 0. 1. 0. 1. 0. 0.]]
(5, 15) init mutants: [[1. 0. 1. 1. 0. 0. 0. 0. 1. 0. 1. 0. 1. 0. 0.]
 [1. 1. 1. 1. 0. 0. 0. 0. 1. 0. 1. 0. 1. 0. 0.]
 [0. 0. 1. 1. 0. 0. 0. 0. 1. 0. 0. 0. 0. 0. 1.]
 [1. 0. 1. 1. 0. 0. 0. 0. 1. 0. 1. 0. 1. 0. 0.]
 [1. 0. 1. 1. 0. 0. 0. 0. 1. 0. 1. 0. 1. 0. 0.]] (5, 15)
[2, 5]
LHS: [1. 0. 1. 1. 0. 0. 0. 0. 1. 0. 1. 0. 1. 0. 0.]
RHS: [1. 0. 1. 1. 0. 0. 0. 0. 1. 0. 1. 0. 1. 0. 0.]
[7, 8]
LHS: [1. 1. 1. 1. 0. 0. 0. 0. 1. 0. 0. 0. 1. 0. 0.]
RHS: [1. 1. 1. 1. 0. 0. 0. 0. 1. 0. 0. 0. 1. 0. 0.]
[6, 11]
LHS: [1. 0. 1. 1. 0. 0. 0. 0. 1. 0. 1. 0. 1. 0. 0.]
RHS: [1. 0. 1. 1. 0. 0. 0. 0. 1. 0. 1. 0. 1. 0. 0.]
[7, 14]
LHS: [1. 0. 1. 1. 0. 0. 0. 0. 1. 0. 1. 0. 1. 0. 0.]
RHS: [1. 0. 1. 1. 0. 0. 0. 0. 1. 0. 1. 0. 1. 0. 0.]
[6, 10]
LHS: [1. 0. 1. 1. 0. 0. 0. 0. 1. 0. 1. 0. 1. 0. 0.]
RHS: [1. 0. 1. 1. 0. 0. 0. 0. 1. 0. 1. 0. 1. 0. 0.]
offsprings:  [[1. 0. 1. 1. 0. 0. 0. 0. 1. 0. 1. 0. 1. 0. 0.]
 [1. 1. 1. 1. 0. 0. 0. 0. 1. 0. 0. 0. 1. 0. 0.]
 [1. 0. 1. 1. 0. 0. 0. 0. 1. 0. 1. 0. 1. 0. 0.]
 [1. 0. 1. 1. 0. 0. 0. 0. 1. 0. 1. 0. 1. 0. 0.]
 [1. 0. 1. 1. 0. 0. 0. 0. 1. 0. 1. 0. 1. 0. 0.]]
mutants:  [[1. 0. 0. 1. 0. 1. 0. 0. 1. 0. 1. 0. 1. 0. 0.]
 [1. 1. 1. 1. 0. 0. 0. 1. 0. 0. 0. 0. 1. 0. 0.]
 [1. 0. 1. 1. 0. 0. 1. 0. 1. 0. 1. 1. 1. 0. 0.]
 [1. 0. 1. 1. 0. 0. 0. 1. 1. 0. 1. 0. 1. 0. 1.]
 [1. 0. 1. 1. 0. 0. 1. 0. 1. 0. 0. 0. 1. 0. 0.]]
12 -times ||
[655 655 282 655 655 283 780 385 446 486]
[[1 0 1 1 0 0 0 0 1 0 1 0 1 0 0]
 [1 0 1 1 0 0 0 0 1 0 1 0 1 0 0]
 [0 1 1 1 0 0 0 0 1 0 0 0 0 0 1]
 [1 0 1 1 0 0 0 0 1 0 1 0 1 0 0]
 [1 0 1 1 0 0 0 0 1 0 1 0 1 0 0]
 [1 1 1 1 0 0 0 0 1 0 0 0 1 0 0]
 [0 1 1 1 0 1 0 0 1 0 1 0 1 0 0]
 [1 0 1 1 0 1 0 0 1 0 0 0 0 0 1]
 [1 1 1 1 0 0 0 0 0 0 1 0 1 0 0]
 [1 0 1 1 1 0 0 0 0 0 1 0 1 0 0]]
[[1. 0. 0. 1. 0. 1. 0. 0. 1. 0. 1. 0. 1. 0. 0.]
 [1. 0. 1. 1. 0. 0. 0. 0. 1. 0. 1. 0. 1. 0. 0.]
 [1. 0. 1. 1. 0. 0. 0. 0. 1. 0. 1. 0. 1. 0. 0.]
 [1. 0. 1. 1. 0. 0. 0. 0. 1. 0. 1. 0. 1. 0. 0.]
 [1. 0. 1. 1. 0. 0. 1. 0. 1. 0. 0. 0. 1. 0. 0.]]
比大小: 5 5
進來惹
comb:  0 1
進來惹
comb:  1 2
進來惹
comb:  2 3
進來惹
comb:  3 4
進來惹
comb:  4 0
offsprings in crossover2pts:  [[1. 0. 0. 1. 0. 1. 0. 0. 1. 0. 1. 0. 1. 0. 0.]
 [1. 0. 1. 1. 0. 0. 0. 0. 1. 0. 1. 0. 1. 0. 0.]
 [1. 0. 1. 1. 0. 0. 0. 0. 1. 0. 1. 0. 1. 0. 0.]
 [1. 0. 1. 1. 0. 0. 0. 0. 1. 0. 1. 0. 1. 0. 0.]
 [1. 0. 1. 1. 0. 0. 1. 0. 1. 0. 0. 0. 1. 0. 0.]]
(5, 15) init mutants: [[1. 0. 1. 1. 0. 0. 0. 0. 1. 0. 1. 0. 1. 0. 0.]
 [1. 1. 1. 1. 0. 0. 0. 0. 1. 0. 0. 0. 1. 0. 0.]
 [1. 0. 1. 1. 0. 0. 0. 0. 1. 0. 1. 0. 1. 0. 0.]
 [1. 0. 1. 1. 0. 0. 0. 0. 1. 0. 1. 0. 1. 0. 0.]
 [1. 0. 1. 1. 0. 0. 0. 0. 1. 0. 1. 0. 1. 0. 0.]] (5, 15)
[7, 11]
LHS: [1. 0. 0. 1. 0. 1. 0. 0. 1. 0. 1. 0. 1. 0. 0.]
RHS: [1. 0. 0. 1. 0. 1. 0. 0. 1. 0. 1. 0. 1. 0. 0.]
[5, 8]
LHS: [1. 0. 1. 1. 0. 0. 0. 0. 1. 0. 1. 0. 1. 0. 0.]
RHS: [1. 0. 1. 1. 0. 0. 0. 0. 1. 0. 1. 0. 1. 0. 0.]
[7, 8]
LHS: [1. 0. 1. 1. 0. 0. 0. 0. 1. 0. 1. 0. 1. 0. 0.]
RHS: [1. 0. 1. 1. 0. 0. 0. 0. 1. 0. 1. 0. 1. 0. 0.]
[2, 4]
LHS: [1. 0. 1. 1. 0. 0. 0. 0. 1. 0. 1. 0. 1. 0. 0.]
RHS: [1. 0. 1. 1. 0. 0. 0. 0. 1. 0. 1. 0. 1. 0. 0.]
[10, 13]
LHS: [1. 0. 1. 1. 0. 0. 1. 0. 1. 0. 0. 0. 1. 0. 0.]
RHS: [1. 0. 1. 1. 0. 0. 1. 0. 1. 0. 0. 0. 1. 0. 0.]
offsprings:  [[1. 0. 0. 1. 0. 1. 0. 0. 1. 0. 1. 0. 1. 0. 0.]
 [1. 0. 1. 1. 0. 0. 0. 0. 1. 0. 1. 0. 1. 0. 0.]
 [1. 0. 1. 1. 0. 0. 0. 0. 1. 0. 1. 0. 1. 0. 0.]
 [1. 0. 1. 1. 0. 0. 0. 0. 1. 0. 1. 0. 1. 0. 0.]
 [1. 0. 1. 1. 0. 0. 1. 0. 1. 0. 0. 0. 1. 0. 0.]]
mutants:  [[1. 0. 0. 1. 0. 1. 0. 1. 1. 0. 1. 1. 1. 0. 0.]
 [1. 0. 1. 1. 0. 1. 0. 0. 0. 0. 1. 0. 1. 0. 0.]
 [1. 0. 1. 1. 0. 0. 0. 1. 0. 0. 1. 0. 1. 0. 0.]
 [1. 0. 0. 1. 1. 0. 0. 0. 1. 0. 1. 0. 1. 0. 0.]
 [1. 0. 1. 1. 0. 0. 1. 0. 1. 0. 1. 0. 1. 1. 0.]]
13 -times ||
[655 283 655 655 655 771 279   0   0 452]
[[1 0 1 1 0 0 0 0 1 0 1 0 1 0 0]
 [1 1 1 1 0 0 0 0 1 0 0 0 1 0 0]
 [1 0 1 1 0 0 0 0 1 0 1 0 1 0 0]
 [1 0 1 1 0 0 0 0 1 0 1 0 1 0 0]
 [1 0 1 1 0 0 0 0 1 0 1 0 1 0 0]
 [1 0 0 1 0 1 0 0 1 0 1 0 1 0 0]
 [1 1 1 1 0 0 0 1 0 0 0 0 1 0 0]
 [1 0 1 1 0 0 1 0 1 0 1 1 1 0 0]
 [1 0 1 1 0 0 0 1 1 0 1 0 1 0 1]
 [1 0 1 1 0 0 1 0 1 0 0 0 1 0 0]]
[[1. 0. 1. 1. 0. 0. 1. 0. 1. 0. 0. 0. 1. 0. 0.]
 [1. 0. 0. 1. 0. 1. 0. 0. 1. 0. 1. 0. 1. 0. 0.]
 [1. 0. 0. 1. 1. 0. 0. 0. 1. 0. 1. 0. 1. 0. 0.]
 [1. 0. 0. 1. 1. 0. 0. 0. 1. 0. 1. 0. 1. 0. 0.]
 [1. 0. 1. 1. 0. 1. 0. 0. 0. 0. 1. 0. 1. 0. 0.]]
比大小: 5 5
進來惹
comb:  0 1
進來惹
comb:  1 2
進來惹
comb:  2 3
進來惹
comb:  3 4
進來惹
comb:  4 0
offsprings in crossover2pts:  [[1. 0. 0. 1. 0. 1. 0. 0. 1. 0. 1. 0. 1. 0. 0.]
 [1. 0. 0. 1. 1. 0. 0. 0. 1. 0. 1. 0. 1. 0. 0.]
 [1. 0. 0. 1. 1. 0. 0. 0. 1. 0. 1. 0. 1. 0. 0.]
 [1. 0. 1. 1. 0. 1. 0. 0. 0. 0. 1. 0. 1. 0. 0.]
 [1. 0. 1. 1. 0. 0. 1. 0. 1. 0. 0. 0. 1. 0. 0.]]
(5, 15) init mutants: [[1. 0. 0. 1. 0. 1. 0. 0. 1. 0. 1. 0. 1. 0. 0.]
 [1. 0. 1. 1. 0. 0. 0. 0. 1. 0. 1. 0. 1. 0. 0.]
 [1. 0. 1. 1. 0. 0. 0. 0. 1. 0. 1. 0. 1. 0. 0.]
 [1. 0. 1. 1. 0. 0. 0. 0. 1. 0. 1. 0. 1. 0. 0.]
 [1. 0. 1. 1. 0. 0. 1. 0. 1. 0. 0. 0. 1. 0. 0.]] (5, 15)
[0, 12]
LHS: [1. 0. 0. 1. 0. 1. 0. 0. 1. 0. 1. 0. 1. 0. 0.]
RHS: [1. 0. 0. 1. 0. 1. 0. 0. 1. 0. 1. 0. 1. 0. 0.]
[2, 14]
LHS: [1. 0. 0. 1. 1. 0. 0. 0. 1. 0. 1. 0. 1. 0. 0.]
RHS: [1. 0. 0. 1. 1. 0. 0. 0. 1. 0. 1. 0. 1. 0. 0.]
[1, 10]
LHS: [1. 0. 0. 1. 1. 0. 0. 0. 1. 0. 1. 0. 1. 0. 0.]
RHS: [1. 0. 0. 1. 1. 0. 0. 0. 1. 0. 1. 0. 1. 0. 0.]
[11, 14]
LHS: [1. 0. 1. 1. 0. 1. 0. 0. 0. 0. 1. 0. 1. 0. 0.]
RHS: [1. 0. 1. 1. 0. 1. 0. 0. 0. 0. 1. 0. 1. 0. 0.]
[4, 8]
LHS: [1. 0. 1. 1. 0. 0. 1. 0. 1. 0. 0. 0. 1. 0. 0.]
RHS: [1. 0. 1. 1. 0. 0. 1. 0. 1. 0. 0. 0. 1. 0. 0.]
offsprings:  [[1. 0. 0. 1. 0. 1. 0. 0. 1. 0. 1. 0. 1. 0. 0.]
 [1. 0. 0. 1. 1. 0. 0. 0. 1. 0. 1. 0. 1. 0. 0.]
 [1. 0. 0. 1. 1. 0. 0. 0. 1. 0. 1. 0. 1. 0. 0.]
 [1. 0. 1. 1. 0. 1. 0. 0. 0. 0. 1. 0. 1. 0. 0.]
 [1. 0. 1. 1. 0. 0. 1. 0. 1. 0. 0. 0. 1. 0. 0.]]
mutants:  [[0. 0. 0. 1. 0. 1. 0. 0. 1. 0. 1. 0. 0. 0. 0.]
 [1. 0. 1. 1. 1. 0. 0. 0. 1. 0. 1. 0. 1. 0. 1.]
 [1. 1. 0. 1. 1. 0. 0. 0. 1. 0. 0. 0. 1. 0. 0.]
 [1. 0. 1. 1. 0. 1. 0. 0. 0. 0. 1. 1. 1. 0. 1.]
 [1. 0. 1. 1. 1. 0. 1. 0. 0. 0. 0. 0. 1. 0. 0.]]
14 -times ||
[771 655 655 655 452   0 567 651 690   0]
[[1 0 0 1 0 1 0 0 1 0 1 0 1 0 0]
 [1 0 1 1 0 0 0 0 1 0 1 0 1 0 0]
 [1 0 1 1 0 0 0 0 1 0 1 0 1 0 0]
 [1 0 1 1 0 0 0 0 1 0 1 0 1 0 0]
 [1 0 1 1 0 0 1 0 1 0 0 0 1 0 0]
 [1 0 0 1 0 1 0 1 1 0 1 1 1 0 0]
 [1 0 1 1 0 1 0 0 0 0 1 0 1 0 0]
 [1 0 1 1 0 0 0 1 0 0 1 0 1 0 0]
 [1 0 0 1 1 0 0 0 1 0 1 0 1 0 0]
 [1 0 1 1 0 0 1 0 1 0 1 0 1 1 0]]
[[1. 0. 0. 1. 0. 1. 0. 0. 1. 0. 1. 0. 1. 0. 0.]
 [1. 0. 1. 1. 0. 1. 0. 0. 0. 0. 1. 0. 1. 0. 0.]
 [1. 1. 0. 1. 1. 0. 0. 0. 1. 0. 0. 0. 1. 0. 0.]
 [1. 0. 1. 1. 1. 0. 0. 0. 1. 0. 1. 0. 1. 0. 1.]
 [1. 0. 0. 1. 1. 0. 0. 0. 1. 0. 1. 0. 1. 0. 0.]]
比大小: 5 5
進來惹
comb:  0 1
進來惹
comb:  1 2
進來惹
comb:  2 3
進來惹
comb:  3 4
進來惹
comb:  4 0
offsprings in crossover2pts:  [[1. 0. 1. 1. 0. 1. 0. 0. 0. 0. 1. 0. 1. 0. 0.]
 [1. 1. 0. 1. 1. 0. 0. 0. 1. 0. 0. 0. 1. 0. 0.]
 [1. 0. 1. 1. 1. 0. 0. 0. 1. 0. 1. 0. 1. 0. 0.]
 [1. 0. 0. 1. 1. 0. 0. 0. 1. 0. 1. 0. 1. 0. 1.]
 [1. 0. 0. 1. 0. 1. 0. 0. 1. 0. 1. 0. 1. 0. 0.]]
(5, 15) init mutants: [[1. 0. 0. 1. 0. 1. 0. 0. 1. 0. 1. 0. 1. 0. 0.]
 [1. 0. 0. 1. 1. 0. 0. 0. 1. 0. 1. 0. 1. 0. 0.]
 [1. 0. 0. 1. 1. 0. 0. 0. 1. 0. 1. 0. 1. 0. 0.]
 [1. 0. 1. 1. 0. 1. 0. 0. 0. 0. 1. 0. 1. 0. 0.]
 [1. 0. 1. 1. 0. 0. 1. 0. 1. 0. 0. 0. 1. 0. 0.]] (5, 15)
[1, 9]
LHS: [1. 0. 1. 1. 0. 1. 0. 0. 0. 0. 1. 0. 1. 0. 0.]
RHS: [1. 0. 1. 1. 0. 1. 0. 0. 0. 0. 1. 0. 1. 0. 0.]
[2, 13]
LHS: [1. 1. 0. 1. 1. 0. 0. 0. 1. 0. 0. 0. 1. 0. 0.]
RHS: [1. 1. 0. 1. 1. 0. 0. 0. 1. 0. 0. 0. 1. 0. 0.]
[11, 13]
LHS: [1. 0. 1. 1. 1. 0. 0. 0. 1. 0. 1. 0. 1. 0. 0.]
RHS: [1. 0. 1. 1. 1. 0. 0. 0. 1. 0. 1. 0. 1. 0. 0.]
[6, 12]
LHS: [1. 0. 0. 1. 1. 0. 0. 0. 1. 0. 1. 0. 1. 0. 1.]
RHS: [1. 0. 0. 1. 1. 0. 0. 0. 1. 0. 1. 0. 1. 0. 1.]
[3, 10]
LHS: [1. 0. 0. 1. 0. 1. 0. 0. 1. 0. 1. 0. 1. 0. 0.]
RHS: [1. 0. 0. 1. 0. 1. 0. 0. 1. 0. 1. 0. 1. 0. 0.]
offsprings:  [[1. 0. 1. 1. 0. 1. 0. 0. 0. 0. 1. 0. 1. 0. 0.]
 [1. 1. 0. 1. 1. 0. 0. 0. 1. 0. 0. 0. 1. 0. 0.]
 [1. 0. 1. 1. 1. 0. 0. 0. 1. 0. 1. 0. 1. 0. 0.]
 [1. 0. 0. 1. 1. 0. 0. 0. 1. 0. 1. 0. 1. 0. 1.]
 [1. 0. 0. 1. 0. 1. 0. 0. 1. 0. 1. 0. 1. 0. 0.]]
mutants:  [[1. 1. 1. 1. 0. 1. 0. 0. 0. 1. 1. 0. 1. 0. 0.]
 [1. 1. 1. 1. 1. 0. 0. 0. 1. 0. 0. 0. 1. 1. 0.]
 [1. 0. 1. 1. 1. 0. 0. 0. 1. 0. 1. 1. 1. 1. 0.]
 [1. 0. 0. 1. 1. 0. 1. 0. 1. 0. 1. 0. 0. 0. 1.]
 [1. 0. 0. 0. 0. 1. 0. 0. 1. 0. 0. 0. 1. 0. 0.]]
15 -times ||
[452 771 690 690 567   0 743 318   0 283]
[[1 0 1 1 0 0 1 0 1 0 0 0 1 0 0]
 [1 0 0 1 0 1 0 0 1 0 1 0 1 0 0]
 [1 0 0 1 1 0 0 0 1 0 1 0 1 0 0]
 [1 0 0 1 1 0 0 0 1 0 1 0 1 0 0]
 [1 0 1 1 0 1 0 0 0 0 1 0 1 0 0]
 [0 0 0 1 0 1 0 0 1 0 1 0 0 0 0]
 [1 0 1 1 1 0 0 0 1 0 1 0 1 0 1]
 [1 1 0 1 1 0 0 0 1 0 0 0 1 0 0]
 [1 0 1 1 0 1 0 0 0 0 1 1 1 0 1]
 [1 0 1 1 1 0 1 0 0 0 0 0 1 0 0]]
[[1. 0. 0. 1. 0. 1. 0. 0. 1. 0. 1. 0. 1. 0. 0.]
 [1. 1. 1. 1. 1. 0. 0. 0. 1. 0. 0. 0. 1. 1. 0.]
 [1. 0. 1. 1. 1. 0. 0. 0. 1. 0. 1. 0. 1. 0. 1.]
 [1. 0. 1. 1. 0. 1. 0. 0. 0. 0. 1. 0. 1. 0. 0.]
 [1. 0. 0. 1. 0. 1. 0. 0. 1. 0. 1. 0. 1. 0. 0.]]
比大小: 5 5
進來惹
comb:  0 1
進來惹
comb:  1 2
進來惹
comb:  2 3
進來惹
comb:  3 4
進來惹
comb:  4 0
offsprings in crossover2pts:  [[1. 1. 1. 1. 0. 1. 0. 0. 1. 0. 1. 0. 1. 0. 0.]
 [1. 0. 1. 1. 1. 0. 0. 0. 1. 0. 0. 0. 1. 1. 0.]
 [1. 0. 1. 1. 1. 0. 0. 0. 1. 0. 1. 0. 1. 0. 1.]
 [1. 0. 0. 1. 0. 1. 0. 0. 0. 0. 1. 0. 1. 0. 0.]
 [1. 0. 0. 1. 0. 1. 0. 0. 1. 0. 1. 0. 1. 0. 0.]]
(5, 15) init mutants: [[1. 0. 1. 1. 0. 1. 0. 0. 0. 0. 1. 0. 1. 0. 0.]
 [1. 1. 0. 1. 1. 0. 0. 0. 1. 0. 0. 0. 1. 0. 0.]
 [1. 0. 1. 1. 1. 0. 0. 0. 1. 0. 1. 0. 1. 0. 0.]
 [1. 0. 0. 1. 1. 0. 0. 0. 1. 0. 1. 0. 1. 0. 1.]
 [1. 0. 0. 1. 0. 1. 0. 0. 1. 0. 1. 0. 1. 0. 0.]] (5, 15)
[6, 14]
LHS: [1. 1. 1. 1. 0. 1. 0. 0. 1. 0. 1. 0. 1. 0. 0.]
RHS: [1. 1. 1. 1. 0. 1. 0. 0. 1. 0. 1. 0. 1. 0. 0.]
[13, 14]
LHS: [1. 0. 1. 1. 1. 0. 0. 0. 1. 0. 0. 0. 1. 1. 0.]
RHS: [1. 0. 1. 1. 1. 0. 0. 0. 1. 0. 0. 0. 1. 1. 0.]
[7, 9]
LHS: [1. 0. 1. 1. 1. 0. 0. 0. 1. 0. 1. 0. 1. 0. 1.]
RHS: [1. 0. 1. 1. 1. 0. 0. 0. 1. 0. 1. 0. 1. 0. 1.]
[7, 9]
LHS: [1. 0. 0. 1. 0. 1. 0. 0. 0. 0. 1. 0. 1. 0. 0.]
RHS: [1. 0. 0. 1. 0. 1. 0. 0. 0. 0. 1. 0. 1. 0. 0.]
[3, 14]
LHS: [1. 0. 0. 1. 0. 1. 0. 0. 1. 0. 1. 0. 1. 0. 0.]
RHS: [1. 0. 0. 1. 0. 1. 0. 0. 1. 0. 1. 0. 1. 0. 0.]
offsprings:  [[1. 1. 1. 1. 0. 1. 0. 0. 1. 0. 1. 0. 1. 0. 0.]
 [1. 0. 1. 1. 1. 0. 0. 0. 1. 0. 0. 0. 1. 1. 0.]
 [1. 0. 1. 1. 1. 0. 0. 0. 1. 0. 1. 0. 1. 0. 1.]
 [1. 0. 0. 1. 0. 1. 0. 0. 0. 0. 1. 0. 1. 0. 0.]
 [1. 0. 0. 1. 0. 1. 0. 0. 1. 0. 1. 0. 1. 0. 0.]]
mutants:  [[1. 1. 1. 1. 0. 1. 1. 0. 1. 0. 1. 0. 1. 0. 1.]
 [1. 0. 1. 1. 1. 0. 0. 0. 1. 0. 0. 0. 1. 0. 1.]
 [1. 0. 1. 1. 1. 0. 0. 1. 1. 1. 1. 0. 1. 0. 1.]
 [1. 0. 0. 1. 0. 1. 0. 1. 0. 1. 1. 0. 1. 0. 0.]
 [1. 0. 0. 0. 0. 1. 0. 0. 1. 0. 1. 0. 1. 0. 1.]]
16 -times ||
[771 567 318 743 690 800 343   0   0 322]
[[1 0 0 1 0 1 0 0 1 0 1 0 1 0 0]
 [1 0 1 1 0 1 0 0 0 0 1 0 1 0 0]
 [1 1 0 1 1 0 0 0 1 0 0 0 1 0 0]
 [1 0 1 1 1 0 0 0 1 0 1 0 1 0 1]
 [1 0 0 1 1 0 0 0 1 0 1 0 1 0 0]
 [1 1 1 1 0 1 0 0 0 1 1 0 1 0 0]
 [1 1 1 1 1 0 0 0 1 0 0 0 1 1 0]
 [1 0 1 1 1 0 0 0 1 0 1 1 1 1 0]
 [1 0 0 1 1 0 1 0 1 0 1 0 0 0 1]
 [1 0 0 0 0 1 0 0 1 0 0 0 1 0 0]]
[[1. 0. 1. 1. 1. 0. 0. 0. 1. 0. 1. 0. 1. 0. 1.]
 [1. 0. 1. 1. 1. 0. 0. 0. 1. 0. 1. 0. 1. 0. 1.]
 [1. 0. 1. 1. 1. 0. 0. 0. 1. 0. 1. 0. 1. 0. 1.]
 [1. 0. 1. 1. 1. 0. 0. 0. 1. 0. 1. 0. 1. 0. 1.]
 [1. 0. 0. 1. 0. 1. 0. 0. 1. 0. 1. 0. 1. 0. 0.]]
比大小: 5 5
進來惹
comb:  0 1
進來惹
comb:  1 2
進來惹
comb:  2 3
進來惹
comb:  3 4
進來惹
comb:  4 0
offsprings in crossover2pts:  [[1. 0. 1. 1. 1. 0. 0. 0. 1. 0. 1. 0. 1. 0. 1.]
 [1. 0. 1. 1. 1. 0. 0. 0. 1. 0. 1. 0. 1. 0. 1.]
 [1. 0. 1. 1. 1. 0. 0. 0. 1. 0. 1. 0. 1. 0. 1.]
 [1. 0. 1. 1. 0. 1. 0. 0. 1. 0. 1. 0. 1. 0. 1.]
 [1. 0. 0. 1. 1. 0. 0. 0. 1. 0. 1. 0. 1. 0. 0.]]
(5, 15) init mutants: [[1. 1. 1. 1. 0. 1. 0. 0. 1. 0. 1. 0. 1. 0. 0.]
 [1. 0. 1. 1. 1. 0. 0. 0. 1. 0. 0. 0. 1. 1. 0.]
 [1. 0. 1. 1. 1. 0. 0. 0. 1. 0. 1. 0. 1. 0. 1.]
 [1. 0. 0. 1. 0. 1. 0. 0. 0. 0. 1. 0. 1. 0. 0.]
 [1. 0. 0. 1. 0. 1. 0. 0. 1. 0. 1. 0. 1. 0. 0.]] (5, 15)
[2, 7]
LHS: [1. 0. 1. 1. 1. 0. 0. 0. 1. 0. 1. 0. 1. 0. 1.]
RHS: [1. 0. 1. 1. 1. 0. 0. 0. 1. 0. 1. 0. 1. 0. 1.]
[0, 12]
LHS: [1. 0. 1. 1. 1. 0. 0. 0. 1. 0. 1. 0. 1. 0. 1.]
RHS: [1. 0. 1. 1. 1. 0. 0. 0. 1. 0. 1. 0. 1. 0. 1.]
[3, 9]
LHS: [1. 0. 1. 1. 1. 0. 0. 0. 1. 0. 1. 0. 1. 0. 1.]
RHS: [1. 0. 1. 1. 1. 0. 0. 0. 1. 0. 1. 0. 1. 0. 1.]
[3, 4]
LHS: [1. 0. 1. 1. 0. 1. 0. 0. 1. 0. 1. 0. 1. 0. 1.]
RHS: [1. 0. 1. 1. 0. 1. 0. 0. 1. 0. 1. 0. 1. 0. 1.]
[1, 7]
LHS: [1. 0. 0. 1. 1. 0. 0. 0. 1. 0. 1. 0. 1. 0. 0.]
RHS: [1. 0. 0. 1. 1. 0. 0. 0. 1. 0. 1. 0. 1. 0. 0.]
offsprings:  [[1. 0. 1. 1. 1. 0. 0. 0. 1. 0. 1. 0. 1. 0. 1.]
 [1. 0. 1. 1. 1. 0. 0. 0. 1. 0. 1. 0. 1. 0. 1.]
 [1. 0. 1. 1. 1. 0. 0. 0. 1. 0. 1. 0. 1. 0. 1.]
 [1. 0. 1. 1. 0. 1. 0. 0. 1. 0. 1. 0. 1. 0. 1.]
 [1. 0. 0. 1. 1. 0. 0. 0. 1. 0. 1. 0. 1. 0. 0.]]
mutants:  [[1. 0. 0. 1. 1. 0. 0. 1. 1. 0. 1. 0. 1. 0. 1.]
 [0. 0. 1. 1. 1. 0. 0. 0. 1. 0. 1. 0. 0. 0. 1.]
 [1. 0. 1. 0. 1. 0. 0. 0. 1. 1. 1. 0. 1. 0. 1.]
 [1. 0. 1. 0. 1. 1. 0. 0. 1. 0. 1. 0. 1. 0. 1.]
 [1. 1. 0. 1. 1. 0. 0. 1. 1. 0. 1. 0. 1. 0. 0.]]
17 -times ||
[771 343 743 567 771   0 338   0   0 742]
[[1 0 0 1 0 1 0 0 1 0 1 0 1 0 0]
 [1 1 1 1 1 0 0 0 1 0 0 0 1 1 0]
 [1 0 1 1 1 0 0 0 1 0 1 0 1 0 1]
 [1 0 1 1 0 1 0 0 0 0 1 0 1 0 0]
 [1 0 0 1 0 1 0 0 1 0 1 0 1 0 0]
 [1 1 1 1 0 1 1 0 1 0 1 0 1 0 1]
 [1 0 1 1 1 0 0 0 1 0 0 0 1 0 1]
 [1 0 1 1 1 0 0 1 1 1 1 0 1 0 1]
 [1 0 0 1 0 1 0 1 0 1 1 0 1 0 0]
 [1 0 0 0 0 1 0 0 1 0 1 0 1 0 1]]
[[1. 0. 1. 1. 1. 0. 0. 0. 1. 0. 1. 0. 1. 0. 1.]
 [1. 0. 1. 1. 1. 0. 0. 0. 1. 0. 1. 0. 1. 0. 1.]
 [1. 0. 1. 1. 1. 0. 0. 0. 1. 0. 1. 0. 1. 0. 1.]
 [0. 0. 1. 1. 1. 0. 0. 0. 1. 0. 1. 0. 0. 0. 1.]
 [1. 0. 1. 1. 1. 0. 0. 0. 1. 0. 1. 0. 1. 0. 1.]]
比大小: 5 5
進來惹
comb:  0 1
進來惹
comb:  1 2
進來惹
comb:  2 3
進來惹
comb:  3 4
進來惹
comb:  4 0
offsprings in crossover2pts:  [[1. 0. 1. 1. 1. 0. 0. 0. 1. 0. 1. 0. 1. 0. 1.]
 [1. 0. 1. 1. 1. 0. 0. 0. 1. 0. 1. 0. 1. 0. 1.]
 [0. 0. 1. 1. 1. 0. 0. 0. 1. 0. 1. 0. 1. 0. 1.]
 [1. 0. 1. 1. 1. 0. 0. 0. 1. 0. 1. 0. 0. 0. 1.]
 [1. 0. 1. 1. 1. 0. 0. 0. 1. 0. 1. 0. 1. 0. 1.]]
(5, 15) init mutants: [[1. 0. 1. 1. 1. 0. 0. 0. 1. 0. 1. 0. 1. 0. 1.]
 [1. 0. 1. 1. 1. 0. 0. 0. 1. 0. 1. 0. 1. 0. 1.]
 [1. 0. 1. 1. 1. 0. 0. 0. 1. 0. 1. 0. 1. 0. 1.]
 [1. 0. 1. 1. 0. 1. 0. 0. 1. 0. 1. 0. 1. 0. 1.]
 [1. 0. 0. 1. 1. 0. 0. 0. 1. 0. 1. 0. 1. 0. 0.]] (5, 15)
[0, 12]
LHS: [1. 0. 1. 1. 1. 0. 0. 0. 1. 0. 1. 0. 1. 0. 1.]
RHS: [1. 0. 1. 1. 1. 0. 0. 0. 1. 0. 1. 0. 1. 0. 1.]
[2, 3]
LHS: [1. 0. 1. 1. 1. 0. 0. 0. 1. 0. 1. 0. 1. 0. 1.]
RHS: [1. 0. 1. 1. 1. 0. 0. 0. 1. 0. 1. 0. 1. 0. 1.]
[0, 14]
LHS: [0. 0. 1. 1. 1. 0. 0. 0. 1. 0. 1. 0. 1. 0. 1.]
RHS: [0. 0. 1. 1. 1. 0. 0. 0. 1. 0. 1. 0. 1. 0. 1.]
[7, 9]
LHS: [1. 0. 1. 1. 1. 0. 0. 0. 1. 0. 1. 0. 0. 0. 1.]
RHS: [1. 0. 1. 1. 1. 0. 0. 0. 1. 0. 1. 0. 0. 0. 1.]
[9, 13]
LHS: [1. 0. 1. 1. 1. 0. 0. 0. 1. 0. 1. 0. 1. 0. 1.]
RHS: [1. 0. 1. 1. 1. 0. 0. 0. 1. 0. 1. 0. 1. 0. 1.]
offsprings:  [[1. 0. 1. 1. 1. 0. 0. 0. 1. 0. 1. 0. 1. 0. 1.]
 [1. 0. 1. 1. 1. 0. 0. 0. 1. 0. 1. 0. 1. 0. 1.]
 [0. 0. 1. 1. 1. 0. 0. 0. 1. 0. 1. 0. 1. 0. 1.]
 [1. 0. 1. 1. 1. 0. 0. 0. 1. 0. 1. 0. 0. 0. 1.]
 [1. 0. 1. 1. 1. 0. 0. 0. 1. 0. 1. 0. 1. 0. 1.]]
mutants:  [[0. 0. 1. 1. 1. 0. 0. 0. 1. 0. 1. 0. 0. 0. 1.]
 [1. 0. 0. 0. 1. 0. 0. 0. 1. 0. 1. 0. 1. 0. 1.]
 [1. 0. 1. 1. 1. 0. 0. 0. 1. 0. 1. 0. 1. 0. 0.]
 [1. 0. 1. 1. 1. 0. 0. 1. 1. 1. 1. 0. 0. 0. 1.]
 [1. 0. 1. 1. 1. 0. 0. 0. 1. 1. 1. 0. 1. 1. 1.]]
18 -times ||
[743 743 743 743 771   0 727   0   0   0]
[[1 0 1 1 1 0 0 0 1 0 1 0 1 0 1]
 [1 0 1 1 1 0 0 0 1 0 1 0 1 0 1]
 [1 0 1 1 1 0 0 0 1 0 1 0 1 0 1]
 [1 0 1 1 1 0 0 0 1 0 1 0 1 0 1]
 [1 0 0 1 0 1 0 0 1 0 1 0 1 0 0]
 [1 0 0 1 1 0 0 1 1 0 1 0 1 0 1]
 [0 0 1 1 1 0 0 0 1 0 1 0 0 0 1]
 [1 0 1 0 1 0 0 0 1 1 1 0 1 0 1]
 [1 0 1 0 1 1 0 0 1 0 1 0 1 0 1]
 [1 1 0 1 1 0 0 1 1 0 1 0 1 0 0]]
[[0. 0. 1. 1. 1. 0. 0. 0. 1. 0. 1. 0. 0. 0. 1.]
 [1. 0. 1. 1. 1. 0. 0. 0. 1. 0. 1. 0. 1. 0. 1.]
 [0. 0. 1. 1. 1. 0. 0. 0. 1. 0. 1. 0. 0. 0. 1.]
 [1. 0. 1. 1. 1. 0. 0. 0. 1. 0. 1. 0. 1. 0. 1.]
 [1. 0. 1. 1. 1. 0. 0. 0. 1. 0. 1. 0. 1. 0. 1.]]
比大小: 5 5
進來惹
comb:  0 1
進來惹
comb:  1 2
進來惹
comb:  2 3
進來惹
comb:  3 4
進來惹
comb:  4 0
offsprings in crossover2pts:  [[0. 0. 1. 1. 1. 0. 0. 0. 1. 0. 1. 0. 0. 0. 1.]
 [1. 0. 1. 1. 1. 0. 0. 0. 1. 0. 1. 0. 1. 0. 1.]
 [0. 0. 1. 1. 1. 0. 0. 0. 1. 0. 1. 0. 0. 0. 1.]
 [1. 0. 1. 1. 1. 0. 0. 0. 1. 0. 1. 0. 1. 0. 1.]
 [1. 0. 1. 1. 1. 0. 0. 0. 1. 0. 1. 0. 1. 0. 1.]]
(5, 15) init mutants: [[1. 0. 1. 1. 1. 0. 0. 0. 1. 0. 1. 0. 1. 0. 1.]
 [1. 0. 1. 1. 1. 0. 0. 0. 1. 0. 1. 0. 1. 0. 1.]
 [0. 0. 1. 1. 1. 0. 0. 0. 1. 0. 1. 0. 1. 0. 1.]
 [1. 0. 1. 1. 1. 0. 0. 0. 1. 0. 1. 0. 0. 0. 1.]
 [1. 0. 1. 1. 1. 0. 0. 0. 1. 0. 1. 0. 1. 0. 1.]] (5, 15)
[4, 7]
LHS: [0. 0. 1. 1. 1. 0. 0. 0. 1. 0. 1. 0. 0. 0. 1.]
RHS: [0. 0. 1. 1. 1. 0. 0. 0. 1. 0. 1. 0. 0. 0. 1.]
[12, 13]
LHS: [1. 0. 1. 1. 1. 0. 0. 0. 1. 0. 1. 0. 1. 0. 1.]
RHS: [1. 0. 1. 1. 1. 0. 0. 0. 1. 0. 1. 0. 1. 0. 1.]
[5, 7]
LHS: [0. 0. 1. 1. 1. 0. 0. 0. 1. 0. 1. 0. 0. 0. 1.]
RHS: [0. 0. 1. 1. 1. 0. 0. 0. 1. 0. 1. 0. 0. 0. 1.]
[4, 12]
LHS: [1. 0. 1. 1. 1. 0. 0. 0. 1. 0. 1. 0. 1. 0. 1.]
RHS: [1. 0. 1. 1. 1. 0. 0. 0. 1. 0. 1. 0. 1. 0. 1.]
[3, 7]
LHS: [1. 0. 1. 1. 1. 0. 0. 0. 1. 0. 1. 0. 1. 0. 1.]
RHS: [1. 0. 1. 1. 1. 0. 0. 0. 1. 0. 1. 0. 1. 0. 1.]
offsprings:  [[0. 0. 1. 1. 1. 0. 0. 0. 1. 0. 1. 0. 0. 0. 1.]
 [1. 0. 1. 1. 1. 0. 0. 0. 1. 0. 1. 0. 1. 0. 1.]
 [0. 0. 1. 1. 1. 0. 0. 0. 1. 0. 1. 0. 0. 0. 1.]
 [1. 0. 1. 1. 1. 0. 0. 0. 1. 0. 1. 0. 1. 0. 1.]
 [1. 0. 1. 1. 1. 0. 0. 0. 1. 0. 1. 0. 1. 0. 1.]]
mutants:  [[0. 0. 1. 1. 0. 0. 0. 1. 1. 0. 1. 0. 0. 0. 1.]
 [1. 0. 1. 1. 1. 0. 0. 0. 1. 0. 1. 0. 0. 1. 1.]
 [0. 0. 1. 1. 1. 1. 0. 1. 1. 0. 1. 0. 0. 0. 1.]
 [1. 0. 1. 1. 0. 0. 0. 0. 1. 0. 1. 0. 0. 0. 1.]
 [1. 0. 1. 0. 1. 0. 0. 1. 1. 0. 1. 0. 1. 0. 1.]]
19 -times ||
[743 743 743 727 743 727 686 703   0   0]
[[1 0 1 1 1 0 0 0 1 0 1 0 1 0 1]
 [1 0 1 1 1 0 0 0 1 0 1 0 1 0 1]
 [1 0 1 1 1 0 0 0 1 0 1 0 1 0 1]
 [0 0 1 1 1 0 0 0 1 0 1 0 0 0 1]
 [1 0 1 1 1 0 0 0 1 0 1 0 1 0 1]
 [0 0 1 1 1 0 0 0 1 0 1 0 0 0 1]
 [1 0 0 0 1 0 0 0 1 0 1 0 1 0 1]
 [1 0 1 1 1 0 0 0 1 0 1 0 1 0 0]
 [1 0 1 1 1 0 0 1 1 1 1 0 0 0 1]
 [1 0 1 1 1 0 0 0 1 1 1 0 1 1 1]]
Last generation: 
[[0 0 1 1 1 0 0 0 1 0 1 0 0 0 1]
 [1 0 1 1 1 0 0 0 1 0 1 0 1 0 1]
 [0 0 1 1 1 0 0 0 1 0 1 0 0 0 1]
 [1 0 1 1 1 0 0 0 1 0 1 0 1 0 1]
 [1 0 1 1 1 0 0 0 1 0 1 0 1 0 1]
 [0 0 1 1 0 0 0 1 1 0 1 0 0 0 1]
 [1 0 1 1 1 0 0 0 1 0 1 0 0 1 1]
 [0 0 1 1 1 1 0 1 1 0 1 0 0 0 1]
 [1 0 1 1 0 0 0 0 1 0 1 0 0 0 1]
 [1 0 1 0 1 0 0 1 1 0 1 0 1 0 1]]

Fitness of the last generation: 
[727 743 727 743 743   0 746   0 686   0]

MAX FITNESS: 746
The optimized parameters for the given inputs are: 
[array([1, 0, 1, 1, 1, 0, 0, 0, 1, 0, 1, 0, 0, 1, 1])]

Selected items that will maximize the knapsack without breaking it:
1

3

4

5

9

11

14

15

0,
​
​
​
fitness_history_mean = [np.mean(fitness) for fitness in fit

[array([  0, 274,   0,   0,   0,   0,   0,   0,   0,   0]), array([274, 274, 274, 274, 274, 688, 294, 269, 329,   0]), array([294, 688, 269, 688, 269,   0,   0,   0,   0, 446]), array([269, 688, 688, 688, 446, 288, 660, 683,   0,   0]), array([683, 269, 688, 288, 660,   0, 687,   0, 294, 656]), array([288, 687, 688, 687, 688, 550,   0, 471, 734, 785]), array([687, 688, 785, 687, 688,   0, 728,   0,   0, 382]), array([688, 688, 687, 688, 688,   0, 778,   0, 268,   0]), array([688, 778, 688, 688, 687, 501,   0,   0,   0,   0]), array([688, 688, 778, 687, 688, 687, 784, 479,   0,   0]), array([688, 778, 778, 687, 784, 655, 472, 688, 729, 796]), array([655, 687, 655, 655, 687,   0, 282,   0,   0,   0]), array([655, 655, 282, 655, 655, 283, 780, 385, 446, 486]), array([655, 283, 655, 655, 655, 771, 279,   0,   0, 452]), array([771, 655, 655, 655, 452,   0, 567, 651, 690,   0]), array([452, 771, 690, 690, 567,   0, 743, 318,   0, 283]), array([771, 567, 318, 743, 690, 800, 343,   0,   0, 322]), array([771, 343, 743, 567, 771,   0, 338,   0,   0, 742]), array([743, 743, 743, 743, 771,   0, 727,   0,   0,   0]), array([743, 743, 743, 727, 743, 727, 686, 703,   0,   0])]
===
[274, 688, 688, 688, 688, 785, 785, 778, 778, 784, 796, 687, 780, 771, 771, 771, 800, 771, 771, 743]