[[0. 1. 0. 1. 0. 1. 0. 1. 1. 0. 0. 0. 0. 1. 0.]
 [0. 1. 0. 1. 0. 1. 0. 1. 1. 0. 0. 0. 0. 1. 0.]
 [0. 1. 0. 1. 0. 1. 0. 1. 1. 0. 0. 0. 0. 1. 0.]
 [0. 1. 0. 1. 0. 1. 0. 1. 1. 0. 0. 0. 0. 1. 0.]
 [0. 1. 0. 1. 0. 1. 0. 1. 1. 0. 0. 0. 0. 1. 0.]]
crossover_parents:  [[0. 1. 0. 1. 0. 1. 0. 1. 1. 0. 0. 0. 0. 1. 0.]
 [0. 1. 0. 1. 0. 1. 0. 1. 1. 0. 0. 0. 0. 1. 0.]
 [0. 1. 0. 1. 0. 1. 0. 1. 1. 0. 0. 0. 0. 1. 0.]
 [0. 1. 0. 1. 0. 1. 0. 1. 1. 0. 0. 0. 0. 1. 0.]
 [0. 1. 0. 1. 0. 1. 0. 1. 1. 0. 0. 0. 0. 1. 0.]]
0 -times ||
[  0   0   0   0   0   0   0 603   0   0]
[[1 0 0 0 1 1 0 0 1 1 1 1 1 1 0]
 [0 1 1 0 0 1 0 1 0 1 1 1 0 0 0]
 [0 0 0 0 1 0 0 0 0 0 1 0 1 0 0]
 [0 0 0 1 1 1 0 0 0 0 0 0 0 1 1]
 [1 1 0 0 1 0 0 1 0 0 1 1 1 0 1]
 [1 0 1 0 1 0 1 0 1 1 0 1 1 1 0]
 [0 1 0 0 0 0 0 1 1 0 1 0 0 0 1]
 [0 1 0 1 0 1 0 1 1 0 0 0 0 1 0]
 [1 1 0 0 0 1 0 0 1 0 0 1 1 1 1]
 [1 0 0 1 0 0 1 0 0 0 1 1 0 1 0]]
[[0. 1. 0. 0. 0. 1. 0. 0. 1. 1. 0. 0. 0. 0. 1.]
 [0. 1. 0. 1. 0. 1. 0. 1. 1. 0. 0. 0. 0. 1. 0.]
 [0. 1. 0. 1. 0. 1. 0. 1. 1. 0. 0. 0. 0. 1. 0.]
 [0. 1. 0. 1. 0. 1. 0. 1. 1. 0. 0. 0. 0. 1. 0.]
 [0. 1. 1. 1. 0. 1. 1. 1. 1. 0. 0. 0. 0. 1. 0.]]
crossover_parents:  [[0. 1. 0. 0. 0. 1. 0. 0. 1. 1. 0. 0. 0. 0. 1.]
 [0. 1. 0. 1. 0. 1. 0. 1. 1. 0. 0. 0. 0. 1. 0.]
 [0. 1. 0. 1. 0. 1. 0. 1. 1. 0. 0. 0. 0. 1. 0.]
 [0. 1. 0. 1. 0. 1. 0. 1. 1. 0. 0. 0. 0. 1. 0.]
 [0. 1. 1. 1. 0. 1. 1. 1. 1. 0. 0. 0. 0. 1. 0.]]
1 -times ||
[603 603 603 603 603 534   0   0 793 603]
[[0 1 0 1 0 1 0 1 1 0 0 0 0 1 0]
 [0 1 0 1 0 1 0 1 1 0 0 0 0 1 0]
 [0 1 0 1 0 1 0 1 1 0 0 0 0 1 0]
 [0 1 0 1 0 1 0 1 1 0 0 0 0 1 0]
 [0 1 0 1 0 1 0 1 1 0 0 0 0 1 0]
 [0 1 0 0 0 1 0 0 1 1 0 0 0 0 1]
 [1 1 0 1 1 1 0 1 0 0 1 0 0 1 0]
 [0 0 0 1 0 0 0 1 1 1 0 0 0 1 0]
 [0 1 1 1 0 1 1 1 1 0 0 0 0 1 0]
 [0 1 0 1 0 1 0 1 1 0 0 0 0 1 0]]
[[0. 1. 0. 1. 0. 1. 0. 1. 0. 0. 0. 0. 0. 1. 1.]
 [0. 1. 0. 1. 0. 1. 0. 1. 1. 0. 0. 0. 0. 1. 0.]
 [0. 1. 0. 0. 0. 1. 0. 0. 1. 1. 0. 0. 0. 0. 1.]
 [0. 1. 0. 1. 0. 1. 0. 1. 1. 0. 0. 0. 0. 1. 0.]
 [0. 1. 0. 1. 0. 1. 0. 1. 1. 0. 0. 0. 0. 1. 0.]]
crossover_parents:  [[0. 1. 0. 1. 0. 1. 0. 1. 0. 0. 0. 0. 0. 1. 1.]
 [0. 1. 0. 1. 0. 1. 0. 1. 1. 0. 0. 0. 0. 1. 0.]
 [0. 1. 0. 0. 0. 1. 0. 0. 1. 1. 0. 0. 0. 0. 1.]
 [0. 1. 0. 1. 0. 1. 0. 1. 1. 0. 0. 0. 0. 1. 0.]
 [0. 1. 0. 1. 0. 1. 0. 1. 1. 0. 0. 0. 0. 1. 0.]]
2 -times ||
[534 603 603 603 793   0   0   0 401 603]
[[0 1 0 0 0 1 0 0 1 1 0 0 0 0 1]
 [0 1 0 1 0 1 0 1 1 0 0 0 0 1 0]
 [0 1 0 1 0 1 0 1 1 0 0 0 0 1 0]
 [0 1 0 1 0 1 0 1 1 0 0 0 0 1 0]
 [0 1 1 1 0 1 1 1 1 0 0 0 0 1 0]
 [0 1 0 1 1 0 0 1 1 0 0 1 0 1 0]
 [0 0 0 1 0 0 1 1 1 0 0 0 1 1 0]
 [0 1 0 1 0 1 1 0 1 0 0 0 0 0 0]
 [0 1 0 1 0 1 0 1 0 0 0 0 0 1 1]
 [0 1 0 1 0 1 0 1 1 0 0 0 0 1 0]]
[[0. 1. 0. 1. 0. 1. 0. 1. 1. 0. 0. 0. 0. 1. 0.]
 [0. 1. 0. 1. 0. 1. 0. 1. 0. 0. 0. 0. 0. 1. 1.]
 [1. 0. 0. 1. 0. 1. 0. 1. 1. 1. 0. 0. 0. 1. 0.]
 [0. 1. 1. 1. 0. 1. 1. 1. 1. 0. 0. 0. 0. 1. 0.]
 [1. 0. 0. 1. 0. 1. 0. 1. 1. 1. 0. 0. 0. 1. 0.]]
crossover_parents:  [[0. 1. 0. 1. 0. 1. 0. 1. 1. 0. 0. 0. 0. 1. 0.]
 [0. 1. 0. 1. 0. 1. 0. 1. 0. 0. 0. 0. 0. 1. 1.]
 [1. 0. 0. 1. 0. 1. 0. 1. 1. 1. 0. 0. 0. 1. 0.]
 [0. 1. 1. 1. 0. 1. 1. 1. 1. 0. 0. 0. 0. 1. 0.]
 [1. 0. 0. 1. 0. 1. 0. 1. 1. 1. 0. 0. 0. 1. 0.]]
3 -times ||
[401 603 534 603 603   0   0 817   0 793]
[[0 1 0 1 0 1 0 1 0 0 0 0 0 1 1]
 [0 1 0 1 0 1 0 1 1 0 0 0 0 1 0]
 [0 1 0 0 0 1 0 0 1 1 0 0 0 0 1]
 [0 1 0 1 0 1 0 1 1 0 0 0 0 1 0]
 [0 1 0 1 0 1 0 1 1 0 0 0 0 1 0]
 [0 1 0 0 0 1 0 1 1 1 1 0 1 1 0]
 [1 1 0 1 0 1 0 1 0 0 0 1 0 1 1]
 [1 0 0 1 0 1 0 1 1 1 0 0 0 1 0]
 [0 0 0 1 0 1 0 1 1 0 1 0 0 1 0]
 [0 1 1 1 0 1 1 1 1 0 0 0 0 1 0]]
[[0. 1. 1. 1. 0. 1. 1. 1. 1. 0. 0. 0. 0. 1. 0.]
 [0. 1. 0. 1. 0. 1. 0. 1. 1. 0. 0. 0. 0. 1. 0.]
 [0. 1. 0. 1. 0. 1. 0. 1. 1. 0. 0. 0. 0. 1. 0.]
 [0. 1. 1. 1. 0. 1. 1. 1. 1. 0. 0. 0. 0. 1. 0.]
 [0. 1. 0. 1. 0. 1. 0. 1. 0. 0. 0. 0. 0. 1. 1.]]
crossover_parents:  [[0. 1. 1. 1. 0. 1. 1. 1. 1. 0. 0. 0. 0. 1. 0.]
 [0. 1. 0. 1. 0. 1. 0. 1. 1. 0. 0. 0. 0. 1. 0.]
 [0. 1. 0. 1. 0. 1. 0. 1. 1. 0. 0. 0. 0. 1. 0.]
 [0. 1. 1. 1. 0. 1. 1. 1. 1. 0. 0. 0. 0. 1. 0.]
 [0. 1. 0. 1. 0. 1. 0. 1. 0. 0. 0. 0. 0. 1. 1.]]
4 -times ||
[603 401 817 793 817 419 148 607   0 603]
[[0 1 0 1 0 1 0 1 1 0 0 0 0 1 0]
 [0 1 0 1 0 1 0 1 0 0 0 0 0 1 1]
 [1 0 0 1 0 1 0 1 1 1 0 0 0 1 0]
 [0 1 1 1 0 1 1 1 1 0 0 0 0 1 0]
 [1 0 0 1 0 1 0 1 1 1 0 0 0 1 0]
 [0 1 0 1 0 1 1 0 0 0 0 0 1 1 1]
 [0 1 0 1 0 1 0 0 0 0 0 0 0 1 0]
 [0 1 0 0 0 1 0 0 0 0 0 1 0 0 1]
 [0 1 0 1 0 1 0 1 1 1 0 0 1 1 0]
 [0 1 0 1 0 1 0 1 1 0 0 0 0 1 0]]
[[0. 1. 1. 1. 0. 1. 1. 1. 1. 0. 0. 0. 0. 1. 0.]
 [0. 1. 0. 1. 0. 1. 0. 1. 1. 0. 0. 0. 0. 1. 0.]
 [0. 1. 0. 1. 0. 1. 0. 1. 0. 0. 0. 0. 0. 1. 1.]
 [1. 0. 0. 1. 0. 1. 0. 1. 1. 1. 0. 0. 0. 1. 0.]
 [0. 1. 1. 1. 0. 1. 1. 1. 1. 0. 0. 0. 0. 1. 0.]]
crossover_parents:  [[0. 1. 1. 1. 0. 1. 1. 1. 1. 0. 0. 0. 0. 1. 0.]
 [0. 1. 0. 1. 0. 1. 0. 1. 1. 0. 0. 0. 0. 1. 0.]
 [0. 1. 0. 1. 0. 1. 0. 1. 0. 0. 0. 0. 0. 1. 1.]
 [1. 0. 0. 1. 0. 1. 0. 1. 1. 1. 0. 0. 0. 1. 0.]
 [0. 1. 1. 1. 0. 1. 1. 1. 1. 0. 0. 0. 0. 1. 0.]]
5 -times ||
[793 603 603 793 401   0 385   0   0 817]
[[0 1 1 1 0 1 1 1 1 0 0 0 0 1 0]
 [0 1 0 1 0 1 0 1 1 0 0 0 0 1 0]
 [0 1 0 1 0 1 0 1 1 0 0 0 0 1 0]
 [0 1 1 1 0 1 1 1 1 0 0 0 0 1 0]
 [0 1 0 1 0 1 0 1 0 0 0 0 0 1 1]
 [0 0 0 1 0 1 1 1 0 0 0 1 1 1 0]
 [0 1 0 1 0 1 0 0 0 1 0 0 1 0 1]
 [1 0 0 1 0 1 0 1 1 1 1 0 0 0 1]
 [1 1 1 1 0 1 1 1 1 0 0 1 0 1 0]
 [1 0 0 1 0 1 0 1 1 1 0 0 0 1 0]]
[[0. 1. 1. 1. 0. 1. 1. 1. 1. 0. 0. 0. 0. 1. 0.]
 [0. 1. 0. 1. 0. 1. 0. 1. 1. 0. 0. 0. 0. 1. 0.]
 [0. 1. 1. 1. 0. 1. 1. 1. 1. 0. 0. 0. 0. 1. 0.]
 [1. 0. 0. 1. 0. 1. 0. 1. 1. 1. 0. 0. 0. 1. 0.]
 [0. 1. 0. 1. 0. 1. 0. 1. 1. 0. 0. 0. 0. 1. 0.]]
crossover_parents:  [[0. 1. 1. 1. 0. 1. 1. 1. 1. 0. 0. 0. 0. 1. 0.]
 [0. 1. 0. 1. 0. 1. 0. 1. 1. 0. 0. 0. 0. 1. 0.]
 [0. 1. 1. 1. 0. 1. 1. 1. 1. 0. 0. 0. 0. 1. 0.]
 [1. 0. 0. 1. 0. 1. 0. 1. 1. 1. 0. 0. 0. 1. 0.]
 [0. 1. 0. 1. 0. 1. 0. 1. 1. 0. 0. 0. 0. 1. 0.]]
6 -times ||
[793 603 401 817 793   0   0 422   0 401]
[[0 1 1 1 0 1 1 1 1 0 0 0 0 1 0]
 [0 1 0 1 0 1 0 1 1 0 0 0 0 1 0]
 [0 1 0 1 0 1 0 1 0 0 0 0 0 1 1]
 [1 0 0 1 0 1 0 1 1 1 0 0 0 1 0]
 [0 1 1 1 0 1 1 1 1 0 0 0 0 1 0]
 [0 1 0 0 0 0 1 1 1 0 1 0 1 1 0]
 [0 1 0 0 1 1 1 1 1 0 0 1 0 1 0]
 [0 1 0 1 1 1 0 0 1 0 0 0 1 1 0]
 [0 1 1 1 0 1 1 1 0 0 0 0 0 0 0]
 [0 1 0 1 0 1 0 1 0 0 0 0 0 1 1]]
[[0. 1. 1. 1. 0. 1. 1. 1. 1. 0. 0. 0. 0. 1. 0.]
 [1. 0. 0. 1. 0. 1. 0. 0. 1. 1. 0. 0. 0. 1. 1.]
 [0. 1. 1. 1. 0. 1. 1. 1. 1. 0. 0. 0. 0. 1. 0.]
 [0. 1. 0. 1. 0. 1. 0. 1. 1. 0. 0. 0. 0. 1. 0.]
 [0. 1. 1. 1. 0. 1. 1. 1. 1. 0. 0. 0. 0. 1. 0.]]
crossover_parents:  [[0. 1. 1. 1. 0. 1. 1. 1. 1. 0. 0. 0. 0. 1. 0.]
 [1. 0. 0. 1. 0. 1. 0. 0. 1. 1. 0. 0. 0. 1. 1.]
 [0. 1. 1. 1. 0. 1. 1. 1. 1. 0. 0. 0. 0. 1. 0.]
 [0. 1. 0. 1. 0. 1. 0. 1. 1. 0. 0. 0. 0. 1. 0.]
 [0. 1. 1. 1. 0. 1. 1. 1. 1. 0. 0. 0. 0. 1. 0.]]
7 -times ||
[793 603 793 817 603   0 483   0 594 793]
[[0 1 1 1 0 1 1 1 1 0 0 0 0 1 0]
 [0 1 0 1 0 1 0 1 1 0 0 0 0 1 0]
 [0 1 1 1 0 1 1 1 1 0 0 0 0 1 0]
 [1 0 0 1 0 1 0 1 1 1 0 0 0 1 0]
 [0 1 0 1 0 1 0 1 1 0 0 0 0 1 0]
 [0 1 1 1 1 1 0 1 1 0 0 1 1 1 1]
 [1 1 0 1 0 0 0 1 1 0 0 0 1 0 0]
 [0 1 0 1 0 1 1 1 0 0 0 0 0 0 0]
 [1 0 0 1 0 1 0 0 1 1 0 0 0 1 1]
 [0 1 1 1 0 1 1 1 1 0 0 0 0 1 0]]
[[1. 0. 0. 1. 0. 1. 0. 0. 1. 1. 0. 0. 0. 1. 1.]
 [0. 1. 1. 1. 0. 1. 1. 1. 1. 0. 0. 0. 0. 1. 0.]
 [1. 0. 0. 1. 0. 1. 0. 0. 1. 1. 0. 0. 0. 1. 1.]
 [0. 1. 0. 1. 0. 1. 0. 1. 1. 0. 0. 0. 0. 1. 0.]
 [0. 1. 1. 1. 0. 1. 1. 1. 1. 0. 0. 0. 0. 1. 0.]]
crossover_parents:  [[1. 0. 0. 1. 0. 1. 0. 0. 1. 1. 0. 0. 0. 1. 1.]
 [0. 1. 1. 1. 0. 1. 1. 1. 1. 0. 0. 0. 0. 1. 0.]
 [1. 0. 0. 1. 0. 1. 0. 0. 1. 1. 0. 0. 0. 1. 1.]
 [0. 1. 0. 1. 0. 1. 0. 1. 1. 0. 0. 0. 0. 1. 0.]
 [0. 1. 1. 1. 0. 1. 1. 1. 1. 0. 0. 0. 0. 1. 0.]]
8 -times ||
[793 594 793 603 793   0   0   0   0 603]
[[0 1 1 1 0 1 1 1 1 0 0 0 0 1 0]
 [1 0 0 1 0 1 0 0 1 1 0 0 0 1 1]
 [0 1 1 1 0 1 1 1 1 0 0 0 0 1 0]
 [0 1 0 1 0 1 0 1 1 0 0 0 0 1 0]
 [0 1 1 1 0 1 1 1 1 0 0 0 0 1 0]
 [0 1 1 0 0 0 1 1 0 0 0 0 0 1 0]
 [0 1 0 0 1 1 1 1 1 1 0 0 0 1 0]
 [0 1 1 1 0 0 1 0 1 0 1 0 0 1 0]
 [1 0 0 1 0 1 0 1 0 1 0 1 0 1 0]
 [0 1 0 1 0 1 0 1 1 0 0 0 0 1 0]]
[[0. 1. 1. 1. 0. 1. 1. 1. 1. 0. 0. 0. 0. 1. 0.]
 [0. 1. 1. 1. 0. 1. 1. 1. 1. 0. 0. 0. 0. 1. 0.]
 [1. 0. 0. 1. 0. 1. 0. 0. 1. 1. 0. 0. 0. 1. 1.]
 [0. 1. 0. 1. 1. 1. 1. 1. 1. 0. 0. 0. 0. 1. 0.]
 [0. 1. 1. 1. 0. 1. 1. 1. 1. 0. 0. 0. 0. 1. 0.]]
crossover_parents:  [[0. 1. 1. 1. 0. 1. 1. 1. 1. 0. 0. 0. 0. 1. 0.]
 [0. 1. 1. 1. 0. 1. 1. 1. 1. 0. 0. 0. 0. 1. 0.]
 [1. 0. 0. 1. 0. 1. 0. 0. 1. 1. 0. 0. 0. 1. 1.]
 [0. 1. 0. 1. 1. 1. 1. 1. 1. 0. 0. 0. 0. 1. 0.]
 [0. 1. 1. 1. 0. 1. 1. 1. 1. 0. 0. 0. 0. 1. 0.]]
9 -times ||
[594 793 594 603 793   0   0   0 828 793]
[[1 0 0 1 0 1 0 0 1 1 0 0 0 1 1]
 [0 1 1 1 0 1 1 1 1 0 0 0 0 1 0]
 [1 0 0 1 0 1 0 0 1 1 0 0 0 1 1]
 [0 1 0 1 0 1 0 1 1 0 0 0 0 1 0]
 [0 1 1 1 0 1 1 1 1 0 0 0 0 1 0]
 [0 0 1 0 0 1 1 1 1 1 0 1 1 1 0]
 [1 0 1 1 1 1 0 0 1 1 1 0 0 0 1]
 [0 1 1 0 0 0 1 1 1 0 0 1 0 1 0]
 [0 1 0 1 1 1 1 1 1 0 0 0 0 1 0]
 [0 1 1 1 0 1 1 1 1 0 0 0 0 1 0]]
[[1. 0. 0. 1. 0. 1. 1. 0. 1. 1. 0. 0. 0. 1. 1.]
 [0. 1. 0. 1. 1. 1. 1. 1. 1. 0. 0. 0. 0. 1. 0.]
 [1. 0. 0. 1. 0. 1. 0. 0. 1. 1. 0. 0. 0. 1. 1.]
 [0. 1. 1. 1. 0. 1. 1. 1. 1. 0. 0. 0. 0. 1. 0.]
 [0. 1. 0. 1. 1. 1. 1. 1. 1. 0. 0. 0. 0. 1. 0.]]
crossover_parents:  [[1. 0. 0. 1. 0. 1. 1. 0. 1. 1. 0. 0. 0. 1. 1.]
 [0. 1. 0. 1. 1. 1. 1. 1. 1. 0. 0. 0. 0. 1. 0.]
 [1. 0. 0. 1. 0. 1. 0. 0. 1. 1. 0. 0. 0. 1. 1.]
 [0. 1. 1. 1. 0. 1. 1. 1. 1. 0. 0. 0. 0. 1. 0.]
 [0. 1. 0. 1. 1. 1. 1. 1. 1. 0. 0. 0. 0. 1. 0.]]
10 -times ||
[793 793 594 828 793 771 456   0   0 793]
[[0 1 1 1 0 1 1 1 1 0 0 0 0 1 0]
 [0 1 1 1 0 1 1 1 1 0 0 0 0 1 0]
 [1 0 0 1 0 1 0 0 1 1 0 0 0 1 1]
 [0 1 0 1 1 1 1 1 1 0 0 0 0 1 0]
 [0 1 1 1 0 1 1 1 1 0 0 0 0 1 0]
 [1 0 0 1 0 1 1 0 1 1 0 0 0 1 1]
 [0 1 1 1 0 0 1 0 1 0 0 0 0 1 0]
 [0 0 0 1 0 1 1 0 0 1 0 0 0 1 1]
 [0 0 0 1 0 1 0 0 1 0 0 0 0 1 0]
 [0 1 1 1 0 1 1 1 1 0 0 0 0 1 0]]
[[1. 0. 0. 1. 0. 1. 0. 0. 1. 1. 0. 0. 0. 1. 1.]
 [1. 0. 0. 1. 0. 1. 0. 0. 0. 1. 0. 0. 0. 1. 1.]
 [0. 1. 0. 1. 1. 1. 1. 1. 1. 0. 0. 0. 0. 1. 0.]
 [0. 1. 1. 1. 0. 1. 1. 1. 1. 0. 0. 0. 0. 1. 0.]
 [0. 1. 0. 1. 1. 1. 1. 1. 1. 0. 0. 0. 0. 1. 0.]]
crossover_parents:  [[1. 0. 0. 1. 0. 1. 0. 0. 1. 1. 0. 0. 0. 1. 1.]
 [1. 0. 0. 1. 0. 1. 0. 0. 0. 1. 0. 0. 0. 1. 1.]
 [0. 1. 0. 1. 1. 1. 1. 1. 1. 0. 0. 0. 0. 1. 0.]
 [0. 1. 1. 1. 0. 1. 1. 1. 1. 0. 0. 0. 0. 1. 0.]
 [0. 1. 0. 1. 1. 1. 1. 1. 1. 0. 0. 0. 0. 1. 0.]]
11 -times ||
[771 828 594 793 828   0   0 392   0 793]
[[1 0 0 1 0 1 1 0 1 1 0 0 0 1 1]
 [0 1 0 1 1 1 1 1 1 0 0 0 0 1 0]
 [1 0 0 1 0 1 0 0 1 1 0 0 0 1 1]
 [0 1 1 1 0 1 1 1 1 0 0 0 0 1 0]
 [0 1 0 1 1 1 1 1 1 0 0 0 0 1 0]
 [1 1 1 1 0 1 0 1 1 0 1 0 0 1 0]
 [0 1 1 1 0 1 1 0 1 0 0 1 0 1 0]
 [1 0 0 1 0 1 0 0 0 1 0 0 0 1 1]
 [0 1 0 1 1 1 0 1 1 1 0 0 0 1 0]
 [0 1 1 1 0 1 1 1 1 0 0 0 0 1 0]]
[[1. 1. 0. 1. 0. 1. 0. 1. 1. 1. 0. 0. 0. 1. 0.]
 [1. 1. 0. 1. 0. 1. 0. 1. 1. 1. 0. 0. 0. 1. 0.]
 [1. 0. 0. 1. 0. 1. 0. 0. 1. 1. 0. 0. 0. 1. 1.]
 [1. 0. 0. 1. 0. 1. 0. 0. 1. 1. 0. 0. 0. 1. 1.]
 [0. 1. 0. 1. 1. 1. 1. 1. 1. 0. 0. 0. 0. 1. 0.]]
crossover_parents:  [[1. 1. 0. 1. 0. 1. 0. 1. 1. 1. 0. 0. 0. 1. 0.]
 [1. 1. 0. 1. 0. 1. 0. 1. 1. 1. 0. 0. 0. 1. 0.]
 [1. 0. 0. 1. 0. 1. 0. 0. 1. 1. 0. 0. 0. 1. 1.]
 [1. 0. 0. 1. 0. 1. 0. 0. 1. 1. 0. 0. 0. 1. 1.]
 [0. 1. 0. 1. 1. 1. 1. 1. 1. 0. 0. 0. 0. 1. 0.]]
12 -times ||
[594 392 828 793 828 454 825 736 399 828]
[[1 0 0 1 0 1 0 0 1 1 0 0 0 1 1]
 [1 0 0 1 0 1 0 0 0 1 0 0 0 1 1]
 [0 1 0 1 1 1 1 1 1 0 0 0 0 1 0]
 [0 1 1 1 0 1 1 1 1 0 0 0 0 1 0]
 [0 1 0 1 1 1 1 1 1 0 0 0 0 1 0]
 [1 0 0 0 1 0 1 0 0 1 0 0 0 1 0]
 [1 1 0 1 0 1 0 1 1 1 0 0 0 1 0]
 [1 1 0 1 0 0 0 1 1 1 0 0 0 1 1]
 [0 1 1 1 0 1 0 1 0 0 0 0 0 1 0]
 [0 1 0 1 1 1 1 1 1 0 0 0 0 1 0]]
[[0. 1. 0. 1. 1. 1. 1. 1. 1. 0. 0. 0. 0. 1. 0.]
 [0. 1. 0. 1. 1. 1. 1. 1. 1. 0. 0. 0. 0. 1. 0.]
 [1. 1. 0. 1. 0. 1. 0. 1. 1. 1. 0. 0. 0. 1. 0.]
 [1. 1. 0. 1. 0. 1. 0. 1. 1. 1. 0. 0. 0. 1. 0.]
 [1. 0. 0. 1. 0. 1. 0. 0. 1. 1. 0. 0. 0. 1. 1.]]
crossover_parents:  [[0. 1. 0. 1. 1. 1. 1. 1. 1. 0. 0. 0. 0. 1. 0.]
 [0. 1. 0. 1. 1. 1. 1. 1. 1. 0. 0. 0. 0. 1. 0.]
 [1. 1. 0. 1. 0. 1. 0. 1. 1. 1. 0. 0. 0. 1. 0.]
 [1. 1. 0. 1. 0. 1. 0. 1. 1. 1. 0. 0. 0. 1. 0.]
 [1. 0. 0. 1. 0. 1. 0. 0. 1. 1. 0. 0. 0. 1. 1.]]
13 -times ||
[825 825 594 594 828   0 490 651 542 828]
[[1 1 0 1 0 1 0 1 1 1 0 0 0 1 0]
 [1 1 0 1 0 1 0 1 1 1 0 0 0 1 0]
 [1 0 0 1 0 1 0 0 1 1 0 0 0 1 1]
 [1 0 0 1 0 1 0 0 1 1 0 0 0 1 1]
 [0 1 0 1 1 1 1 1 1 0 0 0 0 1 0]
 [1 0 0 1 1 1 0 1 1 1 0 0 0 0 1]
 [1 0 0 1 0 0 0 0 1 1 0 0 0 1 1]
 [0 1 0 1 1 1 0 1 1 0 0 0 0 1 0]
 [0 1 0 1 0 1 1 0 1 0 0 0 0 1 0]
 [0 1 0 1 1 1 1 1 1 0 0 0 0 1 0]]
[[0. 1. 0. 1. 1. 1. 1. 1. 1. 0. 0. 0. 0. 1. 0.]
 [0. 1. 0. 1. 1. 1. 1. 1. 1. 0. 0. 0. 0. 1. 0.]
 [0. 1. 0. 1. 1. 1. 1. 1. 1. 0. 0. 0. 0. 1. 0.]
 [1. 0. 0. 1. 0. 1. 0. 1. 0. 1. 0. 0. 0. 1. 1.]
 [0. 1. 0. 1. 1. 1. 1. 1. 1. 0. 0. 0. 0. 1. 0.]]
crossover_parents:  [[0. 1. 0. 1. 1. 1. 1. 1. 1. 0. 0. 0. 0. 1. 0.]
 [0. 1. 0. 1. 1. 1. 1. 1. 1. 0. 0. 0. 0. 1. 0.]
 [0. 1. 0. 1. 1. 1. 1. 1. 1. 0. 0. 0. 0. 1. 0.]
 [1. 0. 0. 1. 0. 1. 0. 1. 0. 1. 0. 0. 0. 1. 1.]
 [0. 1. 0. 1. 1. 1. 1. 1. 1. 0. 0. 0. 0. 1. 0.]]
14 -times ||
[828 828 825 825 594   0   0   0 630 828]
[[0 1 0 1 1 1 1 1 1 0 0 0 0 1 0]
 [0 1 0 1 1 1 1 1 1 0 0 0 0 1 0]
 [1 1 0 1 0 1 0 1 1 1 0 0 0 1 0]
 [1 1 0 1 0 1 0 1 1 1 0 0 0 1 0]
 [1 0 0 1 0 1 0 0 1 1 0 0 0 1 1]
 [1 1 0 1 0 0 1 1 1 1 0 0 1 1 0]
 [1 1 0 1 0 1 1 1 1 1 0 0 0 0 0]
 [1 0 0 1 0 1 0 1 1 1 0 0 0 1 1]
 [1 0 0 1 0 1 0 1 0 1 0 0 0 1 1]
 [0 1 0 1 1 1 1 1 1 0 0 0 0 1 0]]
[[1. 0. 1. 1. 0. 1. 0. 1. 1. 1. 0. 0. 0. 1. 0.]
 [0. 1. 0. 1. 1. 1. 1. 1. 1. 0. 0. 0. 0. 1. 0.]
 [1. 0. 1. 1. 0. 1. 0. 1. 1. 1. 0. 0. 0. 1. 0.]
 [0. 1. 0. 1. 1. 1. 1. 1. 1. 0. 0. 0. 0. 1. 0.]
 [1. 0. 0. 1. 0. 1. 0. 0. 1. 1. 0. 0. 0. 1. 1.]]
crossover_parents:  [[1. 0. 1. 1. 0. 1. 0. 1. 1. 1. 0. 0. 0. 1. 0.]
 [0. 1. 0. 1. 1. 1. 1. 1. 1. 0. 0. 0. 0. 1. 0.]
 [1. 0. 1. 1. 0. 1. 0. 1. 1. 1. 0. 0. 0. 1. 0.]
 [0. 1. 0. 1. 1. 1. 1. 1. 1. 0. 0. 0. 0. 1. 0.]
 [1. 0. 0. 1. 0. 1. 0. 0. 1. 1. 0. 0. 0. 1. 1.]]
15 -times ||
[828 828 828 630 828   0   0   0 830 594]
[[0 1 0 1 1 1 1 1 1 0 0 0 0 1 0]
 [0 1 0 1 1 1 1 1 1 0 0 0 0 1 0]
 [0 1 0 1 1 1 1 1 1 0 0 0 0 1 0]
 [1 0 0 1 0 1 0 1 0 1 0 0 0 1 1]
 [0 1 0 1 1 1 1 1 1 0 0 0 0 1 0]
 [0 0 0 0 1 1 1 1 1 0 0 1 0 0 1]
 [1 1 0 1 0 1 1 1 1 0 0 0 1 1 1]
 [0 0 0 1 0 0 0 1 1 1 0 0 0 1 0]
 [1 0 1 1 0 1 0 1 1 1 0 0 0 1 0]
 [1 0 0 1 0 1 0 0 1 1 0 0 0 1 1]]
[[1. 0. 0. 1. 0. 1. 0. 0. 1. 1. 0. 0. 0. 1. 1.]
 [0. 1. 0. 1. 1. 1. 1. 1. 1. 0. 0. 0. 0. 1. 0.]
 [1. 0. 1. 1. 0. 1. 0. 1. 1. 1. 0. 0. 0. 1. 0.]
 [0. 1. 0. 1. 1. 1. 1. 1. 1. 0. 0. 0. 0. 1. 0.]
 [1. 0. 1. 1. 0. 1. 0. 1. 1. 1. 0. 0. 0. 1. 0.]]
crossover_parents:  [[1. 0. 0. 1. 0. 1. 0. 0. 1. 1. 0. 0. 0. 1. 1.]
 [0. 1. 0. 1. 1. 1. 1. 1. 1. 0. 0. 0. 0. 1. 0.]
 [1. 0. 1. 1. 0. 1. 0. 1. 1. 1. 0. 0. 0. 1. 0.]
 [0. 1. 0. 1. 1. 1. 1. 1. 1. 0. 0. 0. 0. 1. 0.]
 [1. 0. 1. 1. 0. 1. 0. 1. 1. 1. 0. 0. 0. 1. 0.]]
16 -times ||
[830 828 830 828 594   0   0   0 605 828]
[[1 0 1 1 0 1 0 1 1 1 0 0 0 1 0]
 [0 1 0 1 1 1 1 1 1 0 0 0 0 1 0]
 [1 0 1 1 0 1 0 1 1 1 0 0 0 1 0]
 [0 1 0 1 1 1 1 1 1 0 0 0 0 1 0]
 [1 0 0 1 0 1 0 0 1 1 0 0 0 1 1]
 [1 1 1 1 1 1 1 1 1 1 0 1 0 0 0]
 [0 0 0 0 1 1 1 1 1 0 1 0 0 1 1]
 [0 1 1 1 0 1 1 1 1 0 0 1 0 1 0]
 [1 0 0 1 0 0 0 1 0 1 0 0 1 1 1]
 [0 1 0 1 1 1 1 1 1 0 0 0 0 1 0]]
[[1. 0. 0. 1. 1. 0. 1. 0. 1. 0. 0. 0. 0. 1. 0.]
 [0. 1. 0. 1. 1. 1. 1. 1. 1. 0. 0. 0. 0. 1. 0.]
 [1. 0. 0. 1. 1. 0. 1. 0. 1. 0. 0. 0. 0. 1. 0.]
 [1. 0. 0. 1. 1. 0. 1. 0. 1. 0. 0. 0. 0. 1. 0.]
 [1. 0. 1. 1. 0. 1. 0. 1. 1. 1. 0. 0. 0. 1. 0.]]
crossover_parents:  [[1. 0. 0. 1. 1. 0. 1. 0. 1. 0. 0. 0. 0. 1. 0.]
 [0. 1. 0. 1. 1. 1. 1. 1. 1. 0. 0. 0. 0. 1. 0.]
 [1. 0. 0. 1. 1. 0. 1. 0. 1. 0. 0. 0. 0. 1. 0.]
 [1. 0. 0. 1. 1. 0. 1. 0. 1. 0. 0. 0. 0. 1. 0.]
 [1. 0. 1. 1. 0. 1. 0. 1. 1. 1. 0. 0. 0. 1. 0.]]
17 -times ||
[594 828 830 828 830   0 490 813   0 594]
[[1 0 0 1 0 1 0 0 1 1 0 0 0 1 1]
 [0 1 0 1 1 1 1 1 1 0 0 0 0 1 0]
 [1 0 1 1 0 1 0 1 1 1 0 0 0 1 0]
 [0 1 0 1 1 1 1 1 1 0 0 0 0 1 0]
 [1 0 1 1 0 1 0 1 1 1 0 0 0 1 0]
 [0 0 1 1 1 1 1 1 1 1 0 0 1 1 1]
 [1 0 0 1 1 0 1 0 1 0 0 0 0 1 0]
 [1 1 1 1 0 1 1 1 0 1 0 0 0 1 0]
 [0 1 1 1 1 1 1 1 1 1 0 0 0 1 0]
 [1 0 0 1 0 1 0 0 1 1 0 0 0 1 1]]
[[1. 0. 0. 1. 1. 0. 1. 0. 1. 0. 0. 0. 0. 1. 0.]
 [1. 0. 0. 1. 1. 0. 1. 0. 1. 0. 0. 0. 0. 1. 0.]
 [1. 0. 1. 1. 0. 1. 0. 1. 1. 1. 0. 0. 0. 1. 0.]
 [1. 0. 1. 1. 0. 1. 0. 1. 1. 1. 0. 0. 0. 1. 0.]
 [1. 0. 0. 1. 1. 0. 1. 0. 1. 0. 0. 0. 0. 1. 0.]]
crossover_parents:  [[1. 0. 0. 1. 1. 0. 1. 0. 1. 0. 0. 0. 0. 1. 0.]
 [1. 0. 0. 1. 1. 0. 1. 0. 1. 0. 0. 0. 0. 1. 0.]
 [1. 0. 1. 1. 0. 1. 0. 1. 1. 1. 0. 0. 0. 1. 0.]
 [1. 0. 1. 1. 0. 1. 0. 1. 1. 1. 0. 0. 0. 1. 0.]
 [1. 0. 0. 1. 1. 0. 1. 0. 1. 0. 0. 0. 0. 1. 0.]]
18 -times ||
[490 828 490 490 830   0   0   0 828 830]
[[1 0 0 1 1 0 1 0 1 0 0 0 0 1 0]
 [0 1 0 1 1 1 1 1 1 0 0 0 0 1 0]
 [1 0 0 1 1 0 1 0 1 0 0 0 0 1 0]
 [1 0 0 1 1 0 1 0 1 0 0 0 0 1 0]
 [1 0 1 1 0 1 0 1 1 1 0 0 0 1 0]
 [0 0 0 1 0 1 0 0 1 0 0 1 0 1 1]
 [0 0 0 1 1 1 1 1 1 0 1 0 0 1 0]
 [1 0 1 1 0 1 0 1 1 1 0 1 0 1 0]
 [0 1 0 1 1 1 1 1 1 0 0 0 0 1 0]
 [1 0 1 1 0 1 0 1 1 1 0 0 0 1 0]]
[[1. 0. 0. 1. 1. 0. 1. 0. 1. 0. 0. 0. 0. 1. 0.]
 [1. 0. 0. 1. 0. 0. 1. 0. 0. 1. 0. 0. 1. 0. 0.]
 [1. 0. 1. 1. 0. 1. 0. 1. 1. 1. 0. 0. 0. 1. 0.]
 [1. 0. 1. 1. 0. 1. 0. 1. 1. 1. 0. 0. 0. 1. 0.]
 [1. 0. 0. 1. 1. 0. 1. 0. 1. 0. 0. 0. 0. 1. 0.]]
crossover_parents:  [[1. 0. 0. 1. 1. 0. 1. 0. 1. 0. 0. 0. 0. 1. 0.]
 [1. 0. 0. 1. 0. 0. 1. 0. 0. 1. 0. 0. 1. 0. 0.]
 [1. 0. 1. 1. 0. 1. 0. 1. 1. 1. 0. 0. 0. 1. 0.]
 [1. 0. 1. 1. 0. 1. 0. 1. 1. 1. 0. 0. 0. 1. 0.]
 [1. 0. 0. 1. 1. 0. 1. 0. 1. 0. 0. 0. 0. 1. 0.]]
19 -times ||
[490 490 830 830 490 447   0   0 712 830]
[[1 0 0 1 1 0 1 0 1 0 0 0 0 1 0]
 [1 0 0 1 1 0 1 0 1 0 0 0 0 1 0]
 [1 0 1 1 0 1 0 1 1 1 0 0 0 1 0]
 [1 0 1 1 0 1 0 1 1 1 0 0 0 1 0]
 [1 0 0 1 1 0 1 0 1 0 0 0 0 1 0]
 [1 0 0 1 0 0 1 0 0 1 0 0 1 0 0]
 [0 1 0 1 1 0 1 1 1 1 1 0 0 0 0]
 [1 0 0 1 1 0 0 0 1 0 1 1 0 1 0]
 [1 0 0 1 1 0 1 1 1 0 0 0 1 1 0]
 [1 0 1 1 0 1 0 1 1 1 0 0 0 1 0]]
Last generation: 
[[1 0 0 1 1 0 1 0 1 0 0 0 0 1 0]
 [1 0 0 1 0 0 1 0 0 1 0 0 1 0 0]
 [1 0 1 1 0 1 0 1 1 1 0 0 0 1 0]
 [1 0 1 1 0 1 0 1 1 1 0 0 0 1 0]
 [1 0 0 1 1 0 1 0 1 0 0 0 0 1 0]
 [1 1 0 1 1 1 1 0 1 0 1 0 0 1 0]
 [1 0 1 1 1 0 0 0 1 0 0 0 0 1 0]
 [1 0 1 0 0 1 0 0 1 1 0 0 0 0 0]
 [1 0 1 1 1 1 0 1 1 1 0 0 0 1 1]
 [1 0 0 1 1 0 1 0 1 0 0 0 0 1 0]]

Fitness of the last generation: 
[490 447 830 830 490   0 326   0   0 490]

MAX FITNESS: 830
The optimized parameters for the given inputs are: 
[array([1, 0, 1, 1, 0, 1, 0, 1, 1, 1, 0, 0, 0, 1, 0])]

Selected items that will maximize the knapsack without breaking it:
1

3

4

6

8

9

10

14



[array([  0,   0,   0,   0,   0,   0,   0, 603,   0,   0]), array([603, 603, 603, 603, 603, 534,   0,   0, 793, 603]), array([534, 603, 603, 603, 793,   0,   0,   0, 401, 603]), array([401, 603, 534, 603, 603,   0,   0, 817,   0, 793]), array([603, 401, 817, 793, 817, 419, 148, 607,   0, 603]), array([793, 603, 603, 793, 401,   0, 385,   0,   0, 817]), array([793, 603, 401, 817, 793,   0,   0, 422,   0, 401]), array([793, 603, 793, 817, 603,   0, 483,   0, 594, 793]), array([793, 594, 793, 603, 793,   0,   0,   0,   0, 603]), array([594, 793, 594, 603, 793,   0,   0,   0, 828, 793]), array([793, 793, 594, 828, 793, 771, 456,   0,   0, 793]), array([771, 828, 594, 793, 828,   0,   0, 392,   0, 793]), array([594, 392, 828, 793, 828, 454, 825, 736, 399, 828]), array([825, 825, 594, 594, 828,   0, 490, 651, 542, 828]), array([828, 828, 825, 825, 594,   0,   0,   0, 630, 828]), array([828, 828, 828, 630, 828,   0,   0,   0, 830, 594]), array([830, 828, 830, 828, 594,   0,   0,   0, 605, 828]), array([594, 828, 830, 828, 830,   0, 490, 813,   0, 594]), array([490, 828, 490, 490, 830,   0,   0,   0, 828, 830]), array([490, 490, 830, 830, 490, 447,   0,   0, 712, 830])]
===
[603, 793, 793, 817, 817, 817, 817, 817, 793, 828, 828, 828, 828, 828, 828, 830, 830, 830, 830, 830]